0.000000 -3288.353209 1314.577928 
0.000000 11147.147264 11525.376469 
0.000000 -1348.631591 7501.824101 
0.000000 4944.039412 -5001.205397 
0.000000 -4523.542946 1325.989306 
0.000000 5895.618421 5548.186558 
0.000000 -193.228387 -3096.088856 
0.000000 3895.519823 3814.700789 
0.000000 -901.223043 2519.862934 
0.000000 -3288.353209 1314.577928 
0.000000 -7406.928997 -1906.898345 
0.000000 -1346.156148 1687.939542 
0.000000 5940.966690 -5248.299300 
0.000000 -396.286596 -3508.912861 
0.000000 -7325.062963 4609.757412 
0.000000 -116.334831 348.862758 
0.000000 2932.501495 -6371.768898 
0.000000 4095.918125 -8035.008920 
0.000000 309.675458 -4327.470231 
0.000000 7398.109142 1492.964612 
0.000000 -5135.062419 5652.112603 
0.000000 1122.561005 -4010.729160 
0.000000 -565.813978 -3038.537290 
0.000000 4153.551083 4111.066667 
0.000000 -5053.118760 4598.226009 
0.000000 10596.620947 1701.280436 
0.000000 11711.501827 -707.753658 
0.000000 4027.297264 -413.894077 
0.000000 2690.193951 -3751.514134 
0.000000 -6970.303573 -9652.989394 
0.000000 339.992711 1982.432403 
0.000000 5023.766531 4967.103368 
0.000000 -1811.201256 -2398.339747 
0.000000 -3143.517876 -3361.448696 
0.000000 1735.887379 -1645.949905 
0.000000 -1183.357410 1958.831754 
0.000000 -3300.928371 -3379.717808 
0.000000 -1892.183448 2571.583207 
0.000000 -2057.279244 575.584061 
0.000000 1747.382788 -9262.834537 
0.000000 -8828.179633 3736.070085 
0.000000 -4151.308163 -5644.887322 
0.000000 7441.678160 -7441.678160 
0.000000 -2707.656260 1067.838652 
0.000000 1243.226765 1106.046063 
0.000000 8926.324753 4074.788755 
0.000000 -9961.878534 -562.309661 
0.000000 -421.679016 -1462.421786 
0.000000 -2284.491648 -6962.017631 
0.000000 -402.695868 5685.178622 
0.000000 -8305.795161 725.665431 
0.000000 -9375.291059 1194.766165 
0.000000 -5463.804801 -8650.830668 
0.000000 2065.040242 799.988965 
0.000000 -3501.239848 4459.903310 
0.000000 -4392.513644 1498.822876 
0.000000 4590.625908 -1825.373213 
0.000000 -273.566127 -7780.255651 
0.000000 -4455.370903 2050.510940 
0.000000 342.096474 4829.648652 
0.000000 5683.112786 -5725.791971 
0.000000 -3302.518597 7358.811586 
0.000000 1562.277625 -641.918931 
0.000000 -5363.100251 -3176.024842 
0.000000 -3180.126509 3014.705312 
0.000000 -1470.863924 647.323817 
0.000000 -9119.530772 -5043.474144 
0.000000 -3995.456528 4391.722842 
0.000000 -4085.691044 -5867.256020 
0.000000 6760.729952 -534.125338 
0.000000 -5230.414808 -4736.640770 
0.000000 -2023.236477 -6714.527004 
0.000000 2337.424165 5332.066633 
0.000000 -3252.140837 -1700.492471 
0.000000 -5032.746216 2900.431170 
0.000000 -7228.814872 -9188.450658 
0.000000 -7365.785539 -6454.640290 
0.000000 -1805.227019 -650.358254 
0.000000 -545.002478 -3872.885320 
0.000000 4810.470847 -458.822431 
0.000000 -3321.218379 1975.269038 
0.000000 6684.992057 -7941.053850 
0.000000 -5293.608679 7523.406006 
0.000000 -6160.436360 4829.384520 
0.000000 -13079.904272 10500.020167 
0.000000 -4960.069821 -587.201868 
0.000000 -8162.450876 -8503.515315 
0.000000 5381.124818 5531.348572 
0.000000 -596.334894 -843.076008 
0.000000 955.602357 3077.291472 
0.000000 4944.039412 -5001.205397 
0.000000 -4523.542946 1325.989306 
0.000000 5895.618421 5548.186558 
0.000000 -193.228387 -3096.088856 
0.000000 3895.519823 3814.700789 
0.000000 -901.223043 2519.862934 
0.000000 -3288.353209 1314.577928 
0.000000 -7406.928997 -1906.898345 
0.000000 -1346.156148 1687.939542 
0.000000 5940.966690 -5248.299300 
0.000000 -396.286596 -3508.912861 
0.000000 -7325.062963 4609.757412 
0.000000 -116.334831 348.862758 
0.000000 2932.501495 -6371.768898 
0.000000 4095.918125 -8035.008920 
0.000000 309.675458 -4327.470231 
0.000000 7398.109142 1492.964612 
0.000000 -5135.062419 5652.112603 
0.000000 1122.561005 -4010.729160 
0.000000 -565.813978 -3038.537290 
0.000000 4153.551083 4111.066667 
0.000000 -5053.118760 4598.226009 
0.000000 10596.620947 1701.280436 
0.000000 11711.501827 -707.753658 
0.000000 4027.297264 -413.894077 
0.000000 2690.193951 -3751.514134 
0.000000 -6970.303573 -9652.989394 
0.000000 339.992711 1982.432403 
0.000000 5023.766531 4967.103368 
0.000000 -1811.201256 -2398.339747 
0.000000 -3143.517876 -3361.448696 
0.000000 1735.887379 -1645.949905 
0.000000 -1183.357410 1958.831754 
0.000000 -3300.928371 -3379.717808 
0.000000 -1892.183448 2571.583207 
0.000000 -2057.279244 575.584061 
0.000000 1747.382788 -9262.834537 
0.000000 -8828.179633 3736.070085 
0.000000 -4151.308163 -5644.887322 
0.000000 7441.678160 -7441.678160 
0.000000 -2707.656260 1067.838652 
0.000000 1243.226765 1106.046063 
0.000000 8926.324753 4074.788755 
0.000000 -9961.878534 -562.309661 
0.000000 -421.679016 -1462.421786 
0.000000 -2284.491648 -6962.017631 
0.000000 -402.695868 5685.178622 
0.000000 -8305.795161 725.665431 
0.000000 -9375.291059 1194.766165 
0.000000 11147.147264 11525.376469 
0.000000 -1348.631591 7501.824101 
0.000000 4944.039412 -5001.205397 
0.000000 -4523.542946 1325.989306 
0.000000 5895.618421 5548.186558 
0.000000 -193.228387 -3096.088856 
0.000000 3895.519823 3814.700789 
0.000000 -901.223043 2519.862934 
0.000000 -3288.353209 1314.577928 
0.000000 -7406.928997 -1906.898345 
0.000000 -1346.156148 1687.939542 
0.000000 5940.966690 -5248.299300 
0.000000 -396.286596 -3508.912861 
0.000000 -7325.062963 4609.757412 
0.000000 -116.334831 348.862758 
0.000000 2932.501495 -6371.768898 
0.000000 4095.918125 -8035.008920 
0.000000 309.675458 -4327.470231 
0.000000 7398.109142 1492.964612 
0.000000 -5135.062419 5652.112603 
0.000000 1122.561005 -4010.729160 
0.000000 -565.813978 -3038.537290 
0.000000 4153.551083 4111.066667 
0.000000 -5053.118760 4598.226009 
0.000000 10596.620947 1701.280436 
0.000000 11711.501827 -707.753658 
0.000000 4027.297264 -413.894077 
0.000000 2690.193951 -3751.514134 
0.000000 -6970.303573 -9652.989394 
0.000000 339.992711 1982.432403 
0.000000 5023.766531 4967.103368 
0.000000 -1811.201256 -2398.339747 
0.000000 -3143.517876 -3361.448696 
0.000000 1735.887379 -1645.949905 
0.000000 -1183.357410 1958.831754 
0.000000 -3300.928371 -3379.717808 
0.000000 -1892.183448 2571.583207 
0.000000 -2057.279244 575.584061 
0.000000 1747.382788 -9262.834537 
0.000000 -8828.179633 3736.070085 
0.000000 -4151.308163 -5644.887322 
0.000000 7441.678160 -7441.678160 
0.000000 -2707.656260 1067.838652 
0.000000 1243.226765 1106.046063 
0.000000 8926.324753 4074.788755 
0.000000 -9961.878534 -562.309661 
0.000000 -421.679016 -1462.421786 
0.000000 -2284.491648 -6962.017631 
0.000000 -402.695868 5685.178622 
0.000000 -8305.795161 725.665431 
0.000000 -9375.291059 1194.766165 
0.000000 -5463.804801 -8650.830668 
0.000000 2065.040242 799.988965 
0.000000 -4392.513644 1498.822876 
0.000000 4590.625908 -1825.373213 
0.000000 -273.566127 -7780.255651 
0.000000 -4455.370903 2050.510940 
0.000000 342.096474 4829.648652 
0.000000 5683.112786 -5725.791971 
0.000000 -3302.518597 7358.811586 
0.000000 1562.277625 -641.918931 
0.000000 -5363.100251 -3176.024842 
0.000000 -3180.126509 3014.705312 
0.000000 -1470.863924 647.323817 
0.000000 -9119.530772 -5043.474144 
0.000000 -3995.456528 4391.722842 
0.000000 -4085.691044 -5867.256020 
0.000000 6760.729952 -534.125338 
0.000000 -5230.414808 -4736.640770 
0.000000 -2023.236477 -6714.527004 
0.000000 2337.424165 5332.066633 
0.000000 -3252.140837 -1700.492471 
0.000000 -5032.746216 2900.431170 
0.000000 -7228.814872 -9188.450658 
0.000000 -7365.785539 -6454.640290 
0.000000 -1805.227019 -650.358254 
0.000000 -545.002478 -3872.885320 
0.000000 4810.470847 -458.822431 
0.000000 -3321.218379 1975.269038 
0.000000 6684.992057 -7941.053850 
0.000000 -5293.608679 7523.406006 
0.000000 -6160.436360 4829.384520 
0.000000 -13079.904272 10500.020167 
0.000000 -4960.069821 -587.201868 
0.000000 -8162.450876 -8503.515315 
0.000000 5381.124818 5531.348572 
0.000000 -596.334894 -843.076008 
0.000000 955.602357 3077.291472 
0.000000 -4506.754735 -7928.038954 
0.000000 10281.508309 -9160.890982 
0.000000 -1127.764943 -2533.541880 
0.000000 -1006.078322 3323.172327 
0.000000 2618.012559 382.333830 
0.000000 332.984721 -716.601601 
0.000000 -3733.137997 -8177.896847 
0.000000 -2162.835742 4838.885478 
0.000000 932.500183 -8314.870927 
0.000000 -3376.589690 -3745.305666 
0.000000 3186.968289 -204.215236 
0.000000 -5177.018292 -467.123730 
0.000000 5957.477348 -6333.756630 
0.000000 -5101.912071 -1472.109701 
0.000000 587.904956 2197.509725 
0.000000 -9184.051744 846.564914 
0.000000 3598.243054 1411.527992 
0.000000 8935.789589 -10458.950513 
0.000000 -5561.055506 -369.339068 
0.000000 1229.057515 -145.860615 
0.000000 465.515274 -3332.032189 
0.000000 -5832.582139 -2040.172055 
0.000000 -1793.517402 -450.846640 
0.000000 -5474.464045 -4694.274599 
0.000000 1815.327393 -3643.844953 
0.000000 10007.562026 -4940.048991 
0.000000 2137.580432 11507.233105 
0.000000 3655.035294 2777.813047 
0.000000 -0.000000 1353.876441 
0.000000 10629.284212 8222.927344 
0.000000 846.985131 1360.703163 
0.000000 -5435.206131 -1908.499615 
0.000000 4045.152644 5531.048294 
0.000000 10166.311750 -10104.381307 
0.000000 -5231.851593 -4662.323997 
0.000000 -3455.697282 -2015.765930 
0.000000 -3959.885427 5807.316652 
0.000000 -2249.950825 -2249.950825 
0.000000 2585.606807 2203.845864 
0.000000 -6063.390758 -6709.838852 
0.000000 -3787.843145 2731.399884 
0.000000 1912.211928 -3348.910357 
0.000000 -2862.331195 -8154.402267 
0.000000 -4226.419617 2992.631268 
0.000000 -3755.395081 -3533.134594 
0.000000 5280.493240 3799.505137 
0.000000 -12636.353944 12956.003614 
0.000000 5916.331052 5873.712556 
0.000000 1994.573645 3886.905704 
0.000000 4304.847466 -1355.169302 
0.000000 -7273.022592 7343.962822 
0.000000 1437.364218 -2207.470537 
0.000000 -1552.322716 2438.374014 
0.000000 -6882.544555 7093.244223 
0.000000 -3334.909106 1446.466328 
0.000000 -3905.907154 -6146.146206 
0.000000 1265.510751 -2219.812912 
0.000000 5880.306163 -641.722594 
0.000000 -3386.321697 2766.142752 
0.000000 10281.792941 10726.627703 
0.000000 4401.563172 4622.210556 
0.000000 11147.147264 11525.376469 
0.000000 -1348.631591 7501.824101 
0.000000 -4523.542946 1325.989306 
0.000000 5895.618421 5548.186558 
0.000000 -193.228387 -3096.088856 
0.000000 3895.519823 3814.700789 
0.000000 -901.223043 2519.862934 
0.000000 -3288.353209 1314.577928 
0.000000 -7406.928997 -1906.898345 
0.000000 -1346.156148 1687.939542 
0.000000 5940.966690 -5248.299300 
0.000000 -396.286596 -3508.912861 
0.000000 -7325.062963 4609.757412 
0.000000 -116.334831 348.862758 
0.000000 2932.501495 -6371.768898 
0.000000 4095.918125 -8035.008920 
0.000000 309.675458 -4327.470231 
0.000000 7398.109142 1492.964612 
0.000000 -5135.062419 5652.112603 
0.000000 1122.561005 -4010.729160 
0.000000 -565.813978 -3038.537290 
0.000000 4153.551083 4111.066667 
0.000000 -5053.118760 4598.226009 
0.000000 10596.620947 1701.280436 
0.000000 11711.501827 -707.753658 
0.000000 4027.297264 -413.894077 
0.000000 2690.193951 -3751.514134 
0.000000 -6970.303573 -9652.989394 
0.000000 339.992711 1982.432403 
0.000000 5023.766531 4967.103368 
0.000000 -1811.201256 -2398.339747 
0.000000 -3143.517876 -3361.448696 
0.000000 1735.887379 -1645.949905 
0.000000 -1183.357410 1958.831754 
0.000000 -3300.928371 -3379.717808 
0.000000 -1892.183448 2571.583207 
0.000000 -2057.279244 575.584061 
0.000000 1747.382788 -9262.834537 
0.000000 -8828.179633 3736.070085 
0.000000 -4151.308163 -5644.887322 
0.000000 7441.678160 -7441.678160 
0.000000 -2707.656260 1067.838652 
0.000000 1243.226765 1106.046063 
0.000000 8926.324753 4074.788755 
0.000000 -9961.878534 -562.309661 
0.000000 -421.679016 -1462.421786 
0.000000 -2284.491648 -6962.017631 
0.000000 -402.695868 5685.178622 
0.000000 -8305.795161 725.665431 
0.000000 -9375.291059 1194.766165 
0.000000 -5463.804801 -8650.830668 
0.000000 2065.040242 799.988965 
0.000000 -3501.239848 4459.903310 
0.000000 -4392.513644 1498.822876 
0.000000 4590.625908 -1825.373213 
0.000000 -273.566127 -7780.255651 
0.000000 -4455.370903 2050.510940 
0.000000 342.096474 4829.648652 
0.000000 5683.112786 -5725.791971 
0.000000 -3302.518597 7358.811586 
0.000000 1562.277625 -641.918931 
0.000000 -5363.100251 -3176.024842 
0.000000 -3180.126509 3014.705312 
0.000000 -1470.863924 647.323817 
0.000000 -9119.530772 -5043.474144 
0.000000 -3995.456528 4391.722842 
0.000000 -4085.691044 -5867.256020 
0.000000 6760.729952 -534.125338 
0.000000 -5230.414808 -4736.640770 
0.000000 -2023.236477 -6714.527004 
0.000000 2337.424165 5332.066633 
0.000000 -3252.140837 -1700.492471 
0.000000 -5032.746216 2900.431170 
0.000000 -7228.814872 -9188.450658 
0.000000 -7365.785539 -6454.640290 
0.000000 -1805.227019 -650.358254 
0.000000 -545.002478 -3872.885320 
0.000000 4810.470847 -458.822431 
0.000000 -3321.218379 1975.269038 
0.000000 6684.992057 -7941.053850 
0.000000 -5293.608679 7523.406006 
0.000000 -6160.436360 4829.384520 
0.000000 -13079.904272 10500.020167 
0.000000 -4960.069821 -587.201868 
0.000000 -8162.450876 -8503.515315 
0.000000 5381.124818 5531.348572 
0.000000 -596.334894 -843.076008 
0.000000 955.602357 3077.291472 
0.000000 -4506.754735 -7928.038954 
0.000000 10281.508309 -9160.890982 
0.000000 -1127.764943 -2533.541880 
0.000000 -1006.078322 3323.172327 
0.000000 2618.012559 382.333830 
0.000000 332.984721 -716.601601 
0.000000 -3733.137997 -8177.896847 
0.000000 -2162.835742 4838.885478 
0.000000 932.500183 -8314.870927 
0.000000 -3376.589690 -3745.305666 
0.000000 3186.968289 -204.215236 
0.000000 -5177.018292 -467.123730 
0.000000 5957.477348 -6333.756630 
0.000000 -5101.912071 -1472.109701 
0.000000 587.904956 2197.509725 
0.000000 -9184.051744 846.564914 
0.000000 3598.243054 1411.527992 
0.000000 8935.789589 -10458.950513 
0.000000 -5561.055506 -369.339068 
0.000000 1229.057515 -145.860615 
0.000000 465.515274 -3332.032189 
0.000000 -5832.582139 -2040.172055 
0.000000 -1793.517402 -450.846640 
0.000000 -5474.464045 -4694.274599 
0.000000 1815.327393 -3643.844953 
0.000000 10007.562026 -4940.048991 
0.000000 2137.580432 11507.233105 
0.000000 3655.035294 2777.813047 
0.000000 -0.000000 1353.876441 
0.000000 10629.284212 8222.927344 
0.000000 846.985131 1360.703163 
0.000000 -5435.206131 -1908.499615 
0.000000 4045.152644 5531.048294 
0.000000 10166.311750 -10104.381307 
0.000000 -5231.851593 -4662.323997 
0.000000 -3455.697282 -2015.765930 
0.000000 -3959.885427 5807.316652 
0.000000 -2249.950825 -2249.950825 
0.000000 2585.606807 2203.845864 
0.000000 -6063.390758 -6709.838852 
0.000000 -3787.843145 2731.399884 
0.000000 1912.211928 -3348.910357 
0.000000 -2862.331195 -8154.402267 
0.000000 -4226.419617 2992.631268 
0.000000 -3755.395081 -3533.134594 
0.000000 5280.493240 3799.505137 
0.000000 -12636.353944 12956.003614 
0.000000 5916.331052 5873.712556 
0.000000 1994.573645 3886.905704 
0.000000 4304.847466 -1355.169302 
0.000000 -7273.022592 7343.962822 
0.000000 1437.364218 -2207.470537 
0.000000 -1552.322716 2438.374014 
0.000000 -6882.544555 7093.244223 
0.000000 -3334.909106 1446.466328 
0.000000 -3905.907154 -6146.146206 
0.000000 1265.510751 -2219.812912 
0.000000 5880.306163 -641.722594 
0.000000 -3386.321697 2766.142752 
0.000000 10281.792941 10726.627703 
0.000000 4401.563172 4622.210556 
0.000000 3855.619731 -2310.509607 
0.000000 -2905.254249 -9930.798362 
0.000000 13317.673810 2726.955934 
0.000000 4254.912122 -2901.333871 
0.000000 13259.467659 -6437.139356 
0.000000 -736.499671 1256.484096 
0.000000 -11435.391001 11283.168211 
0.000000 -2552.213896 2622.787414 
0.000000 -5830.213679 1808.517061 
0.000000 9905.654713 3405.691948 
0.000000 2663.336630 3034.906573 
0.000000 -3727.929687 -0.000000 
0.000000 781.590458 7363.700937 
0.000000 -5316.538780 -3104.531728 
0.000000 -9815.255306 12573.503314 
0.000000 -5624.902718 1021.918716 
0.000000 3265.304560 4494.306162 
0.000000 -3065.362215 -2588.865195 
0.000000 2307.922956 -8193.734554 
0.000000 -2215.852487 -5918.604544 
0.000000 9456.085421 -1073.791272 
0.000000 274.855953 -313.881689 
0.000000 -2234.048177 -1888.299114 
0.000000 452.780439 2300.474133 
0.000000 8325.983855 -4658.669021 
0.000000 2831.049445 2575.905119 
0.000000 3685.137209 2002.781372 
0.000000 2165.182141 8206.305301 
0.000000 5725.609114 12542.649309 
0.000000 -11061.845367 6102.603890 
0.000000 2172.689658 -3579.110315 
0.000000 -4464.761427 -4464.761427 
0.000000 -8168.929371 584.571773 
0.000000 -4425.492303 -11118.089214 
0.000000 -4497.150777 -8350.152903 
0.000000 -5614.058413 -5358.041504 
0.000000 8900.057397 -3655.555080 
0.000000 11716.245105 887.864894 
0.000000 -384.521930 5789.660452 
0.000000 1170.633106 2196.809460 
0.000000 -2515.075886 -5002.596073 
0.000000 1797.558071 -790.295578 
0.000000 -0.000000 -8519.204979 
0.000000 -4957.357585 2623.311660 
0.000000 3240.631425 3322.606555 
0.000000 1938.635150 -6521.145166 
0.000000 1986.755851 1739.737272 
0.000000 -7769.930863 -9595.065529 
0.000000 2383.875928 3527.226699 
0.000000 11300.753949 11032.218156 
0.000000 -3175.896909 895.766152 
0.000000 -6806.083667 8907.120910 
0.000000 -1286.562591 5034.824999 
0.000000 2514.007653 -482.631695 
0.000000 -2940.972205 -2664.351078 
0.000000 -973.625726 -3298.141675 
0.000000 5767.480839 1891.809353 
0.000000 -6489.763741 -7781.016075 
0.000000 163.901759 1307.024111 
0.000000 11591.572729 10089.194644 
0.000000 5208.532541 5670.215545 
0.000000 -5841.702003 4831.618656 
0.000000 611.796398 2842.312228 
0.000000 12582.574405 -11429.790049 
0.000000 -2284.974846 544.846327 
0.000000 380.912522 -4612.690822 
0.000000 -5056.504388 -5483.178746 
0.000000 -15903.735926 -3041.986000 
0.000000 8187.153162 6368.474624 
0.000000 2564.248573 -4419.878938 
0.000000 -5955.492970 9737.056342 
0.000000 12400.498472 -3538.616027 
0.000000 -797.442142 -6479.738611 
0.000000 2565.800700 590.759508 
0.000000 1669.010968 -3939.596302 
0.000000 13459.300913 -15339.447633 
0.000000 3838.859738 2266.504123 
0.000000 -1862.764849 -2122.644663 
0.000000 -4446.086373 1837.712634 
0.000000 9385.939259 12858.639166 
0.000000 -2915.120725 3669.062958 
0.000000 -3831.371575 -5084.401809 
0.000000 -4184.918965 9475.361788 
0.000000 -5416.640075 387.616877 
0.000000 -1796.305659 -2465.686427 
0.000000 13724.142107 -8789.932661 
0.000000 767.378619 -4452.462036 
0.000000 6332.639029 -6297.885246 
0.000000 2508.700780 -485.815685 
0.000000 6413.601228 -6676.446176 
0.000000 -5486.804942 -3310.104892 
0.000000 5451.883588 2114.356489 
0.000000 -5577.919557 -8985.721327 
0.000000 3337.626611 -2210.540210 
0.000000 5001.617151 -363.895361 
0.000000 -1703.344005 2241.253228 
0.000000 -13458.933891 -9060.700600 
0.000000 -2500.226709 2049.603705 
0.000000 10717.169153 -2127.341897 
0.000000 -14817.631196 15245.056336 
0.000000 -4759.257066 -1029.381684 
0.000000 -8551.304830 -1061.647357 
0.000000 -5519.211508 5894.968779 
0.000000 803.592178 -1610.392552 
0.000000 -8882.256174 8943.534193 
0.000000 1790.776688 -4505.718279 
0.000000 -2635.347395 -2446.619732 
0.000000 -5815.040463 -6712.139739 
0.000000 8364.430794 -11797.552549 
0.000000 -2124.774882 -2450.774460 
0.000000 -2524.242241 1891.195573 
0.000000 -4676.226363 5386.487845 
0.000000 -11970.637750 2801.326210 
0.000000 -9604.920999 6191.631261 
0.000000 1585.051205 501.188653 
0.000000 -2728.569350 4323.369173 
0.000000 -2259.379154 8678.782880 
0.000000 -6850.896831 3529.010201 
0.000000 -5064.001310 -2509.198837 
0.000000 7446.813900 -6942.597894 
0.000000 2362.016176 202.669656 
0.000000 -6558.027394 -5403.921791 
0.000000 -2769.252107 -882.925297 
0.000000 3850.512529 4983.543775 
0.000000 -1015.070091 -3187.262154 
0.000000 -3523.334531 5102.587690 
0.000000 -9503.650443 -4872.946213 
0.000000 4947.583611 5025.086170 
0.000000 -7625.982909 4089.892970 
0.000000 5084.130594 10979.913661 
0.000000 -3424.549506 -4438.415744 
0.000000 -4700.922997 -3825.167121 
0.000000 -3090.488776 -5063.160397 
0.000000 -3736.760397 5627.077583 
0.000000 -9758.542770 1596.324193 
0.000000 -1765.977566 1161.506195 
0.000000 -1393.433200 -1757.017008 
0.000000 1599.094547 2036.937591 
0.000000 -3905.591840 -3510.322693 
0.000000 -4325.858879 5024.588724 
0.000000 -4503.316122 -3635.631100 
0.000000 4704.227781 4525.389522 
0.000000 -10434.162624 1168.262480 
0.000000 4340.265709 -530.236963 
0.000000 -5601.110796 5715.152549 
0.000000 2494.369684 -4315.001915 
0.000000 -6262.672363 6099.676536 
0.000000 -4463.860334 736.795317 
0.000000 -7343.003434 -8323.104248 
0.000000 3788.845726 -5804.848428 
0.000000 -265.999493 -4606.343880 
0.000000 -9619.618011 -10789.772845 
0.000000 443.603474 -1553.957190 
0.000000 5313.935834 3344.168177 
0.000000 4910.869955 6258.286722 
0.000000 -5202.253238 -5166.507537 
0.000000 -9831.261834 10548.801183 
0.000000 6312.670097 6474.772591 
0.000000 -6111.606931 2063.917561 
0.000000 -3336.033569 3078.356303 
0.000000 -4007.810462 4373.459042 
0.000000 1248.164017 1719.423456 
0.000000 -1041.440647 -2579.852935 
0.000000 -6180.342448 7215.132914 
0.000000 628.326891 6886.154851 
0.000000 2996.205175 3218.622592 
0.000000 8727.719137 -2697.013535 
0.000000 -11383.691275 -12275.836586 
0.000000 -3597.405273 -2429.805483 
0.000000 -2832.326695 2971.769144 
0.000000 -2234.035326 -86.026745 
0.000000 -889.497942 4296.018274 
0.000000 -808.736314 1696.481438 
0.000000 -6176.574665 -1360.867708 
0.000000 -1755.630822 1907.400035 
0.000000 -1236.631213 5795.424155 
0.000000 -2306.845317 -3291.639796 
0.000000 -5763.823331 4922.042671 
0.000000 -8131.027260 -9683.352488 
0.000000 -6373.733664 6250.139446 
0.000000 1189.004490 6136.717179 
0.000000 -1224.330265 614.503504 
0.000000 -5322.163461 5578.931743 
0.000000 5405.207432 -997.066955 
0.000000 1398.516526 3724.199826 
0.000000 -9613.293833 -1507.522728 
0.000000 2590.361616 1292.600572 
0.000000 105.724832 4707.868025 
0.000000 5968.950987 -2263.880521 
0.000000 3612.195115 -147.070229 
0.000000 -4756.972515 5145.539394 
0.000000 3525.966371 -7011.656189 
0.000000 -1838.388535 -1705.723534 
0.000000 -9348.266510 6259.417549 
0.000000 -16578.612052 16578.612052 
0.000000 -4551.061634 -4017.743210 
0.000000 10115.252480 -8559.021936 
0.000000 -4080.408548 -1705.953603 
0.000000 5563.733612 1061.772134 
0.000000 3552.962040 -1329.973909 
0.000000 -10693.152313 -14566.498771 
0.000000 -5813.297249 6174.424523 
0.000000 -11121.515200 -11910.940958 
0.000000 3456.864525 -2372.950290 
0.000000 -14536.577406 -11696.611681 
0.000000 261.794225 4873.980990 
0.000000 11070.189701 -4775.480960 
0.000000 6893.458884 -7626.905786 
0.000000 6240.437057 3948.866593 
0.000000 -3393.097437 2412.038468 
0.000000 2598.118344 5555.647834 
0.000000 2316.307682 -4431.448313 
0.000000 -3963.340813 1260.852983 
0.000000 9217.506628 -5696.732388 
0.000000 -4431.637889 -1321.067277 
0.000000 -4873.619945 4552.220099 
0.000000 -8793.712435 7815.899356 
0.000000 2658.458106 -2594.896252 
0.000000 -922.121299 1264.246017 
0.000000 10710.020276 9497.612815 
0.000000 2845.073565 5089.893188 
0.000000 909.798318 506.884133 
0.000000 -3596.747522 2965.187524 
0.000000 -4158.807120 -3537.864624 
0.000000 -9825.245410 4523.767980 
0.000000 9930.881958 13907.708934 
0.000000 -3923.292991 -4473.584611 
0.000000 -4366.570489 3364.517780 
0.000000 6156.525177 6326.195248 
0.000000 -1962.577927 -3847.714722 
0.000000 144.568087 -3623.034996 
0.000000 -1859.198116 899.274654 
0.000000 -7445.910528 -259.898114 
0.000000 -6971.523112 6593.470325 
0.000000 -2350.677788 1671.107740 
0.000000 -4930.112524 -102.593713 
0.000000 -5355.605366 -3085.483219 
0.000000 -3448.136549 2284.412865 
0.000000 -2483.422684 592.165699 
0.000000 2622.855824 -1495.284682 
0.000000 -2715.674728 2240.817064 
0.000000 -3102.555139 -7056.882499 
0.000000 5389.928765 5353.013965 
0.000000 6444.645428 -5411.794778 
0.000000 10685.972087 11790.665643 
0.000000 1857.335594 8069.855351 
0.000000 -10728.002325 5580.167383 
0.000000 7026.959435 -8527.694193 
0.000000 2112.978134 5110.279630 
0.000000 -4269.741833 1035.654584 
0.000000 5474.607891 4826.053679 
0.000000 -1182.463414 4999.263232 
0.000000 6106.904787 -11522.462171 
0.000000 6557.936602 -5448.465350 
0.000000 5577.566120 5903.948731 
0.000000 6970.833674 2270.864804 
0.000000 588.646112 -6017.819476 
0.000000 1927.910330 -9516.608326 
0.000000 -4580.548577 -4220.198091 
0.000000 2844.125250 105.729151 
0.000000 -5043.778747 4979.055867 
0.000000 -7245.405281 -10820.811842 
0.000000 714.832831 -12276.215792 
0.000000 6618.800415 -8100.180381 
0.000000 3799.215620 -4389.157066 
0.000000 4435.548929 1221.930265 
0.000000 -361.112160 2894.804541 
0.000000 -11313.719349 3515.389218 
0.000000 577.594829 -4686.107964 
0.000000 -3982.593518 -5298.934158 
0.000000 -5459.179047 -1015.420275 
0.000000 11830.860483 -12170.110192 
0.000000 -2894.276805 5313.309930 
0.000000 6965.846756 -6531.006948 
0.000000 -5744.150259 -583.695869 
0.000000 2276.863944 -2294.755030 
0.000000 -4287.661458 6674.659586 
0.000000 -3070.259644 -837.367776 
0.000000 -6930.896411 -5890.500647 
0.000000 4925.177676 4719.299264 
0.000000 -6793.258514 -8711.923841 
0.000000 -8590.328285 -9050.736509 
0.000000 -8122.828860 -7961.767849 
0.000000 7461.961820 2049.654188 
0.000000 721.587330 -1393.999677 
0.000000 -5510.291540 -4955.636069 
0.000000 -3774.582270 5610.122565 
0.000000 -3697.437115 -530.337066 
0.000000 15751.213921 6931.253221 
0.000000 -5831.207892 -3824.111685 
0.000000 1535.064358 -1290.817881 
0.000000 -1049.280779 -3372.424174 
0.000000 -3119.424277 -1639.155968 
0.000000 -4918.979285 4454.351354 
0.000000 4458.833359 -1419.151253 
0.000000 1944.184866 1202.831600 
0.000000 3356.286414 -6881.406928 
0.000000 2754.088764 -8906.614572 
0.000000 -2406.933887 4446.402758 
0.000000 -1622.574568 3115.755264 
0.000000 -8981.641248 4593.376778 
0.000000 -8439.466432 6567.698056 
0.000000 13158.474433 -6032.530556 
0.000000 -1202.949562 2907.025814 
0.000000 6656.260236 -6193.770862 
0.000000 10428.522561 10394.842239 
0.000000 7202.412030 -10982.619057 
0.000000 8256.100553 -3551.552249 
0.000000 533.480164 1653.707317 
0.000000 1225.828546 441.621860 
0.000000 3883.163186 -644.983201 
0.000000 -2171.098431 3553.908211 
0.000000 4325.853664 3181.277252 
0.000000 -1549.681760 -5980.246455 
0.000000 170.173008 -678.620252 
0.000000 -251.326665 6922.469343 
0.000000 8965.205989 -3082.353538 
0.000000 -3743.895256 -5705.774751 
0.000000 921.158446 6750.776650 
0.000000 9725.181918 -1912.639132 
0.000000 -4140.715588 1351.377019 
0.000000 -7279.506773 -3414.512878 
0.000000 -2343.710552 -978.568294 
0.000000 -1352.419768 6504.779805 
0.000000 2563.185615 3059.024797 
0.000000 1752.112253 3719.824748 
0.000000 2606.387423 -4374.836477 
0.000000 7698.956679 -2636.811926 
0.000000 -708.705931 -1570.583889 
0.000000 -4731.347723 -6983.833854 
0.000000 5064.966595 5927.111945 
0.000000 5438.952124 -6546.486197 
0.000000 7792.497314 10961.382030 
0.000000 2441.761153 2104.765451 
0.000000 7636.076864 -4079.630586 
0.000000 -3613.457684 -3997.174921 
0.000000 -2300.211478 3992.575574 
0.000000 -5797.333145 4350.194344 
0.000000 -9267.680087 166.694870 
0.000000 -3004.616280 4278.620636 
0.000000 -6448.652964 -7355.133113 
0.000000 -14221.734336 -13177.222501 
0.000000 2276.983286 -4665.972932 
0.000000 1556.681581 -7452.999712 
0.000000 3642.033427 4165.772445 
0.000000 -1497.300136 1020.977044 
0.000000 1181.386275 10620.456189 
0.000000 -990.869110 -141.898282 
0.000000 11676.481818 6199.709508 
0.000000 1739.896833 -8927.588244 
0.000000 -5062.312211 -3152.644310 
0.000000 -5064.757100 3100.202846 
0.000000 1786.356205 4391.254550 
0.000000 7983.339901 -4390.769204 
0.000000 -2587.509704 5688.714574 
0.000000 -5308.045956 -3950.060306 
0.000000 -3643.216629 3643.216629 
0.000000 -6372.185079 4847.886082 
0.000000 -141.101893 5196.907878 
0.000000 -2258.041270 1962.990875 
0.000000 668.316143 -1546.758684 
0.000000 8457.096979 13058.837685 
0.000000 -1168.353141 -6333.768310 
0.000000 -11781.395279 -10186.831788 
0.000000 1768.140966 31.547708 
0.000000 3627.507173 4678.590090 
0.000000 -6175.483275 -4335.791399 
0.000000 183.697815 -6186.818235 
0.000000 10481.165310 5481.475128 
0.000000 -4682.205047 -2146.327918 
0.000000 1382.642844 5108.696413 
0.000000 -5220.123071 -0.000000 
0.000000 -190.556662 -5162.677987 
0.000000 7217.323011 9083.773368 
0.000000 245.475833 -2554.567271 
0.000000 1011.379700 -760.970399 
0.000000 -8828.480496 9995.844204 
0.000000 -3884.404780 3553.742869 
0.000000 2211.970589 -7063.106356 
0.000000 2344.167499 -797.175513 
0.000000 -1953.506638 8426.184742 
0.000000 15515.233839 -1988.137748 
0.000000 -7092.583947 -6218.923140 
0.000000 -4720.462516 -6255.507573 
0.000000 -5950.480513 -5310.771587 
0.000000 10854.163731 9769.045877 
0.000000 6157.294452 6086.217449 
0.000000 -4113.428263 4138.046612 
0.000000 -13814.016164 -7826.851382 
0.000000 -7845.556640 8429.506068 
0.000000 5657.857559 3894.735509 
0.000000 1226.850863 2967.163207 
0.000000 9099.645039 10021.845220 
0.000000 -4123.894496 -4200.440326 
0.000000 5057.685508 -634.565645 
0.000000 -4983.409835 -2733.962382 
0.000000 4168.793320 4794.617118 
0.000000 6131.068631 639.160313 
0.000000 4285.475568 2238.667726 
0.000000 2058.408900 -1310.428538 
0.000000 -11332.101315 1775.164008 
0.000000 6978.326098 6978.326098 
0.000000 -2692.986802 -1735.983177 
0.000000 2633.890278 3597.961030 
0.000000 -403.917638 -3741.656233 
0.000000 -4045.720818 -2999.604339 
0.000000 4603.853120 -1645.650813 
0.000000 -5228.381372 -1895.199214 
0.000000 -3500.770007 -2682.153916 
0.000000 -1776.153322 4476.657821 
0.000000 -8616.587849 -9925.341955 
0.000000 -467.402479 11357.750693 
0.000000 2025.306772 10061.459144 
0.000000 6046.717910 5891.740921 
0.000000 -6389.454588 5804.953022 
0.000000 -11838.976874 -6624.108320 
0.000000 -3205.512222 -4335.196132 
0.000000 -1894.089274 5256.366418 
0.000000 -5868.847756 1477.020025 
0.000000 -1347.158889 4692.829182 
0.000000 562.064425 1462.119015 
0.000000 -9509.961396 -10144.960795 
0.000000 6079.143610 8751.270939 
0.000000 1943.567304 3548.993213 
0.000000 18682.044462 -18854.151169 
0.000000 1015.645187 -1344.887661 
0.000000 5783.313180 -5018.068524 
0.000000 -3790.323430 2478.761651 
0.000000 -3058.603647 4209.030084 
0.000000 9191.115987 3455.250454 
0.000000 -7688.836540 -8211.973574 
0.000000 5236.694021 3347.285014 
0.000000 1367.280924 -6432.551002 
0.000000 229.714470 11162.295570 
0.000000 11804.680538 -13061.961537 
0.000000 -7253.901088 -737.110261 
0.000000 4818.127733 5260.387572 
0.000000 -4089.404768 195.142471 
0.000000 -9906.334927 -240.344526 
0.000000 -2697.644123 -120.493040 
0.000000 -279.472092 1913.671742 
0.000000 -5363.427565 -5719.563861 
0.000000 -613.076724 1140.133627 
0.000000 6476.833935 -2985.371606 
0.000000 4563.359171 -4106.512158 
0.000000 5229.898708 -5926.708714 
0.000000 -5348.585803 841.311954 
0.000000 6644.977968 -6313.740403 
0.000000 -2004.863404 -905.180885 
0.000000 -249.607326 2574.076838 
0.000000 -4472.240802 4229.230885 
0.000000 -2655.015979 -2712.677118 
0.000000 -2731.973478 -9362.148286 
0.000000 -2534.370430 -3314.636476 
0.000000 -9046.937823 7018.912608 
0.000000 -8065.064032 5330.893751 
0.000000 -3355.346780 -2551.399831 
0.000000 6574.414106 6698.609683 
0.000000 6166.162978 463.909918 
0.000000 4064.303485 70.975112 
0.000000 -3401.623919 -261.815349 
0.000000 -7454.920914 -11328.373316 
0.000000 -4419.783911 9307.900620 
0.000000 137.559758 -342.434185 
0.000000 -5304.876003 -1491.575994 
0.000000 7482.374599 -11553.741861 
0.000000 -648.779372 2165.288959 
0.000000 -1748.754011 -2220.748990 
0.000000 -16280.982506 -14954.568953 
0.000000 -2705.099022 -1018.929733 
0.000000 9492.443723 -10967.984925 
0.000000 3830.050872 0.000000 
0.000000 3668.388784 12424.896861 
0.000000 2008.037909 766.303392 
0.000000 8743.193074 12439.154360 
0.000000 -16440.513925 -6192.648894 
0.000000 8971.584993 612.936343 
0.000000 -2025.439943 1916.339035 
0.000000 4123.897454 4358.862315 
0.000000 6983.678927 4903.223550 
0.000000 189.394628 -8433.637571 
0.000000 4683.522303 -4755.773184 
0.000000 -2848.944427 70.316022 
0.000000 2969.683751 -2430.399879 
0.000000 2510.326118 -7481.563140 
0.000000 -8001.158401 -15695.962946 
0.000000 1566.807711 3299.638796 
0.000000 -10576.554644 -10983.931582 
0.000000 -7084.711753 4551.070378 
0.000000 -3900.587931 -279.127594 
0.000000 -7100.096105 -6806.435809 
0.000000 -336.636236 -4778.912949 
0.000000 -2761.863279 -4454.974438 
0.000000 3491.139189 -8499.759540 
0.000000 -5840.759086 -4130.040357 
0.000000 1808.450810 4550.187595 
0.000000 -4498.019232 -4498.019232 
0.000000 -9407.848455 10518.496214 
0.000000 -4562.063304 -3925.596406 
0.000000 2649.172571 6410.653498 
0.000000 2772.335673 -2274.860327 
0.000000 438.752053 3992.003572 
0.000000 -4209.623787 -11210.078598 
0.000000 -655.136546 -5256.403107 
0.000000 1169.183510 -3155.899558 
0.000000 -15097.998229 -5761.667749 
0.000000 3788.937133 -6479.185050 
0.000000 2402.727913 3524.847035 
0.000000 -9660.342118 -1844.847317 
0.000000 -6236.623681 -6027.737121 
0.000000 -7194.497852 -7094.920606 
0.000000 10652.374042 9668.382401 
0.000000 10283.969478 3983.616630 
0.000000 2304.521185 4684.029562 
0.000000 -9227.601847 5702.971576 
0.000000 -1505.633560 -2046.240275 
0.000000 -4991.742695 -6381.175315 
0.000000 -5063.256606 1395.835255 
0.000000 -13732.676003 -12056.748632 
0.000000 -7545.528126 -7439.846707 
0.000000 1035.624822 -9569.993956 
0.000000 -8283.696407 -240.224040 
0.000000 5223.811016 -501.971264 
0.000000 7905.968518 6480.137798 
0.000000 -4230.506464 -11084.369368 
0.000000 5083.332749 -3990.662117 
0.000000 8387.252971 -0.000000 
0.000000 8741.885042 -368.001883 
0.000000 6804.293630 -10154.921202 
0.000000 -3090.915532 -6921.364991 
0.000000 -8360.741321 -8591.158242 
0.000000 -2384.266755 2243.777107 
0.000000 3818.373560 2257.176900 
0.000000 -6210.094575 3230.178942 
0.000000 -7230.920626 7092.280660 
0.000000 2165.151379 874.433125 
0.000000 -4896.891315 4740.030073 
0.000000 -5091.687386 5526.718322 
0.000000 -4698.887663 -2209.444694 
0.000000 4803.300177 -4992.201530 
0.000000 3451.132958 514.476163 
0.000000 -1060.569941 2710.601714 
0.000000 -8198.123222 7117.119920 
0.000000 -5369.428752 -5737.426516 
0.000000 -4104.331701 5446.632130 
0.000000 322.616062 -6104.338351 
0.000000 3297.889710 -1089.540138 
0.000000 4573.819219 -3535.988275 
0.000000 11960.392367 -9756.803151 
0.000000 -2025.386082 -2105.344209 
0.000000 -5369.997927 -722.280831 
0.000000 857.314089 2986.454386 
0.000000 -4542.579903 2159.463402 
0.000000 4437.718125 2018.494435 
0.000000 -3411.121472 202.533871 
0.000000 -4813.190072 -3795.157444 
0.000000 -2762.339762 7727.888827 
0.000000 -1445.449520 4043.772367 
0.000000 -3474.160156 -1536.053108 
0.000000 3032.448125 -4081.176623 
0.000000 -0.000000 438.628784 
0.000000 -7232.129645 7161.747056 
0.000000 12849.155253 -6425.556270 
0.000000 -3254.985850 10533.355477 
0.000000 -1475.146511 -4631.875857 
0.000000 -7533.434959 7818.484839 
0.000000 -3470.988814 3398.267180 
0.000000 13560.319504 1719.185568 
0.000000 -5868.683599 -256.455043 
0.000000 5115.134606 -3232.027986 
0.000000 452.454964 -7620.349289 
0.000000 1864.938617 5519.786474 
0.000000 -11220.797702 7202.869721 
0.000000 0.000000 923.457832 
0.000000 14673.360297 770.877765 
0.000000 1910.479859 -3473.653335 
0.000000 -1769.609882 2262.174072 
0.000000 5669.283733 -4018.578026 
0.000000 6842.514811 -2091.966716 
0.000000 -7777.924542 -11874.399669 
0.000000 -5364.611845 7227.721987 
0.000000 5514.506644 -4943.174126 
0.000000 4098.986882 4901.943749 
0.000000 -50.553236 990.707216 
0.000000 -4610.275920 3053.831969 
0.000000 -7161.479243 1860.202136 
0.000000 -4318.740761 -3502.211808 
0.000000 -7035.515782 1102.107548 
0.000000 2486.208052 -4168.765818 
0.000000 -10510.689424 -3511.956988 
0.000000 -6126.952853 8393.861685 
0.000000 1798.672746 71.608654 
0.000000 -4385.444978 11408.020518 
0.000000 -8865.536404 4440.951915 
0.000000 2568.607511 -4859.396593 
0.000000 7626.521505 -7552.851851 
0.000000 -7743.386886 10325.927158 
0.000000 -3079.676958 3793.324972 
0.000000 -3437.612928 2278.771290 
0.000000 1003.191338 2799.333308 
0.000000 -6288.956199 5881.228013 
0.000000 6534.038921 -3941.885019 
0.000000 2084.200972 -5291.398898 
0.000000 -5822.132725 5839.162611 
0.000000 5201.398573 4300.643124 
0.000000 3364.610688 -2336.312392 
0.000000 -5398.023417 1540.957472 
0.000000 -1713.611013 -5604.969070 
0.000000 8581.768662 -6969.317045 
0.000000 -2786.496373 -5016.317382 
0.000000 -2909.549170 6021.389215 
0.000000 -11298.959744 -10968.883785 
0.000000 -6194.200018 -10389.786494 
0.000000 -7597.362937 1329.175703 
0.000000 -7099.342999 6631.828854 
0.000000 1276.757833 5370.922422 
0.000000 1339.105351 1924.531039 
0.000000 2470.705023 1338.527618 
0.000000 10465.475159 -10009.982580 
0.000000 11119.751586 15725.703502 
0.000000 97.581916 -3286.492956 
0.000000 2769.326965 -2894.812836 
0.000000 5437.358548 3574.939814 
0.000000 7868.209498 -4971.577574 
0.000000 3037.794296 1236.123838 
0.000000 -2148.742035 549.073924 
0.000000 1109.150740 1813.900769 
0.000000 5617.445186 -1662.854524 
0.000000 14099.786117 -9355.642457 
0.000000 2214.835546 -49.052897 
0.000000 -1774.981671 1779.044997 
0.000000 3698.410391 3300.189706 
0.000000 8171.077928 5497.634948 
0.000000 2870.224963 -4535.223294 
0.000000 4297.444804 -5957.952581 
0.000000 7636.989929 -10237.283511 
0.000000 -8125.100079 8982.868238 
0.000000 594.007706 -1476.609632 
0.000000 3661.210018 2116.328566 
0.000000 4488.093843 -261.337604 
0.000000 -7529.668623 9422.423193 
0.000000 -13102.076448 1825.959022 
0.000000 11326.840725 3701.869394 
0.000000 -3993.134358 3324.028816 
0.000000 1686.376955 2337.588414 
0.000000 1062.499231 1719.159869 
0.000000 2717.740957 -1699.020344 
0.000000 8986.677147 5443.944718 
0.000000 6287.241989 -5720.550159 
0.000000 2498.579745 2246.050684 
0.000000 676.976953 773.098297 
0.000000 10784.968194 1192.841480 
0.000000 -5732.551099 5203.340449 
0.000000 -320.889204 2395.702873 
0.000000 -2326.886965 -2614.499030 
0.000000 3437.393248 5569.651616 
0.000000 6390.088077 -1260.467645 
0.000000 -4729.975107 3632.219050 
0.000000 -6719.534654 -7404.489934 
0.000000 -1855.317095 -5131.612621 
0.000000 6872.642987 -6544.568209 
0.000000 -3285.500855 3227.645105 
0.000000 -4563.986116 4402.613459 
0.000000 -4263.521354 -886.570963 
0.000000 -5523.960470 -5762.289004 
0.000000 8747.140145 6098.808840 
0.000000 9364.858566 -2584.847296 
0.000000 -717.496488 779.036242 
0.000000 2338.050186 -3640.537828 
0.000000 7214.328000 7575.197573 
0.000000 -966.141705 -1389.968362 
0.000000 6228.222558 11846.783297 
0.000000 -4529.830107 227.577753 
0.000000 -6293.760380 -5446.871941 
0.000000 -2120.700106 1433.275024 
0.000000 -1888.603082 -1705.980950 
0.000000 2819.640095 -4675.175160 
0.000000 142.839530 -706.389899 
0.000000 2839.699886 -2928.675265 
0.000000 2122.701351 -2750.335279 
0.000000 -6014.064711 5615.468361 
0.000000 5698.343743 -6328.651875 
0.000000 -10207.020546 -7395.733153 
0.000000 -5503.484003 5573.859742 
0.000000 8601.748313 905.879823 
0.000000 -11928.403590 -10091.219520 
0.000000 -5999.277508 -3220.516488 
0.000000 5534.780045 588.886848 
0.000000 -4311.707148 -4647.199761 
0.000000 4844.142383 2116.612442 
0.000000 -6137.746432 4223.307548 
0.000000 -8753.918656 -2278.939524 
0.000000 10327.846572 -8051.933264 
0.000000 -6435.365465 -6377.159192 
0.000000 4065.398614 -4319.977114 
0.000000 4050.730522 -4050.730522 
0.000000 -12236.560842 8377.192172 
0.000000 4353.178696 8419.986305 
0.000000 -4494.442703 -6355.133761 
0.000000 6436.960345 5132.607390 
0.000000 -9287.263552 12303.870655 
0.000000 -13196.039443 4773.371373 
0.000000 -3970.598351 2210.855348 
0.000000 4231.705839 -9794.259472 
0.000000 975.550606 8082.502897 
0.000000 -856.680019 -1761.666153 
0.000000 2371.140820 1776.489970 
0.000000 5602.361948 3292.985731 
0.000000 11170.383270 9925.593941 
0.000000 -1069.838263 59.328789 
0.000000 5364.600484 -5875.002107 
0.000000 -6458.103765 7061.257933 
0.000000 6212.300866 6304.292874 
0.000000 59.798485 -1448.048551 
0.000000 3044.816348 -2955.913840 
0.000000 3120.586097 -2106.600507 
0.000000 -5277.447514 5083.319554 
0.000000 6197.744879 7434.877728 
0.000000 -9892.341483 4417.682348 
0.000000 -4336.310620 1221.951771 
0.000000 10267.038758 -4501.459148 
0.000000 -3436.091551 6969.186110 
0.000000 8640.792420 8197.692943 
0.000000 4232.249431 -5689.392226 
0.000000 11520.799439 10867.659291 
0.000000 1295.836333 356.984369 
0.000000 -3839.353671 1383.480152 
0.000000 6090.423479 -6034.828151 
0.000000 5732.886153 -10485.974056 
0.000000 2112.061344 -2768.650228 
0.000000 -6855.134518 -819.277991 
0.000000 -2732.376637 6096.814700 
0.000000 2974.571887 -2861.489086 
0.000000 -6087.673186 -5827.669464 
0.000000 14685.074020 -3714.967349 
0.000000 4381.567243 5326.235492 
0.000000 4183.365916 -3783.899066 
0.000000 1375.290240 -1817.397035 
0.000000 -3444.477022 -13292.291379 
0.000000 -9647.300885 -4153.435845 
0.000000 -8443.185136 -3483.243083 
0.000000 2800.473404 -7787.285433 
0.000000 -2502.221994 4435.948240 
0.000000 4030.052245 -16491.065856 
0.000000 -7609.751996 8293.058307 
0.000000 -777.233723 518.287382 
0.000000 -4169.415819 -1501.289154 
0.000000 -5079.195557 5409.481596 
0.000000 5042.173214 2055.469619 
0.000000 3822.908600 3546.923564 
0.000000 5200.732657 -599.823372 
0.000000 -2250.794485 -5533.788322 
0.000000 -5263.222555 2393.584436 
0.000000 13573.397962 5938.178181 
0.000000 -2150.408146 -244.659981 
0.000000 540.777917 -45.393676 
0.000000 10232.839009 7178.184873 
0.000000 4684.111139 7117.897057 
0.000000 3047.853637 -13546.899980 
0.000000 -12384.357225 -10778.790263 
0.000000 -8553.106501 -3709.780434 
0.000000 -2438.985853 -2418.564369 
0.000000 6245.592370 -775.392383 
0.000000 2250.285197 3994.170703 
0.000000 -12799.728167 12488.787412 
0.000000 5760.038756 -2638.155897 
0.000000 -9349.000481 3406.646441 
0.000000 -3582.361404 -106.366784 
0.000000 10770.131485 3369.639515 
0.000000 -4340.451693 6004.188507 
0.000000 -5307.487229 -1020.321629 
0.000000 2900.228550 1773.871911 
0.000000 -4150.685050 -770.560066 
0.000000 -3727.931180 11629.808739 
0.000000 4988.167160 -5756.330567 
0.000000 5464.821017 -10378.653205 
0.000000 -4125.883270 4018.754127 
0.000000 -8806.883200 171.008370 
0.000000 -4029.935313 4864.403077 
0.000000 -5437.919758 4793.711838 
0.000000 -1811.164776 -1843.670146 
0.000000 13012.945833 -764.354632 
0.000000 -7066.110438 6437.922442 
0.000000 2297.149412 2349.824966 
0.000000 -6598.943204 -6598.943204 
0.000000 -5791.453552 4713.955159 
0.000000 5422.019598 -8773.011997 
0.000000 5210.642931 6031.389926 
0.000000 5710.987316 4890.788740 
0.000000 -202.789742 4578.876837 
0.000000 -2200.029418 541.734331 
0.000000 919.279030 -5534.579012 
0.000000 4389.492127 -4519.985129 
0.000000 -4248.086238 5202.821833 
0.000000 -989.789068 6185.223668 
0.000000 637.213018 -4813.004313 
0.000000 -1848.472372 -7539.708181 
0.000000 3750.328306 -1355.918447 
0.000000 -1802.920399 -1338.987457 
0.000000 9364.476314 -5243.869702 
0.000000 65.386498 778.953741 
0.000000 8708.873192 5849.633220 
0.000000 3054.473582 -11543.686844 
0.000000 -5771.176186 5709.906826 
0.000000 581.862234 -2398.038589 
0.000000 6039.956478 4038.868087 
0.000000 12768.579429 11018.010619 
0.000000 5569.971913 5366.899341 
0.000000 -6293.048323 -10770.015832 
0.000000 -4568.449623 3512.385104 
0.000000 -1259.451736 -1562.770263 
0.000000 7010.600567 167.295045 
0.000000 1812.524294 1524.374964 
0.000000 -5338.985725 5700.507206 
0.000000 -3237.389596 -338.605629 
0.000000 2655.816149 -3651.421146 
0.000000 4295.624456 -1958.117383 
0.000000 3101.020319 -6465.644103 
0.000000 -1718.262217 -6173.111777 
0.000000 11919.620291 13261.792666 
0.000000 -10788.742561 8649.185681 
0.000000 -6179.541617 8733.867885 
0.000000 39.756582 1240.687716 
0.000000 1029.464528 -4244.221799 
0.000000 -4448.365610 7190.763971 
0.000000 -3789.695855 5505.267120 
0.000000 -7590.044467 168.099915 
0.000000 9210.972858 -10269.636800 
0.000000 5658.621195 4748.611777 
0.000000 1852.749470 131.235025 
0.000000 1265.882062 -1949.746992 
0.000000 5693.882579 5263.907408 
0.000000 -4770.236238 -1729.129404 
0.000000 2437.875411 -1654.693079 
0.000000 4504.870307 398.781192 
0.000000 -7179.271026 -5986.490391 
0.000000 2324.708777 1951.714079 
0.000000 -2149.839568 2149.839568 
0.000000 2443.963416 5304.411067 
0.000000 -15631.618151 855.475912 
0.000000 -3325.903785 3588.148713 
0.000000 -3009.997307 4982.500010 
0.000000 2550.132783 -6254.466695 
0.000000 12740.723432 -14873.935184 
0.000000 -88.488038 -4390.964014 
0.000000 -1195.241308 -4012.978477 
0.000000 2275.475590 11957.608794 
0.000000 -2719.455648 5083.776657 
0.000000 -155.258148 -5102.586610 
0.000000 5252.987344 -3867.838992 
0.000000 5514.333958 2905.503956 
0.000000 -3219.315228 572.505132 
0.000000 -5820.510690 -2010.837504 
0.000000 -2344.142708 3714.252057 
0.000000 -2700.074458 -1860.019006 
0.000000 -1374.462895 -3051.828190 
0.000000 4980.651317 4119.451457 
0.000000 -14443.364794 -13592.209788 
0.000000 -4548.234420 -4280.235945 
0.000000 6294.123200 2830.725013 
0.000000 -12517.343520 14396.460775 
0.000000 -476.729968 2606.466422 
0.000000 8161.992760 8313.491911 
0.000000 439.645648 -3449.885039 
0.000000 -5771.774517 1952.367448 
0.000000 7169.773385 -1203.612029 
0.000000 3397.353001 -6827.997890 
0.000000 4198.503850 -9134.141138 
0.000000 2783.521386 2882.303412 
0.000000 -10126.229368 3648.905139 
0.000000 -2320.673596 11364.114115 
0.000000 -3873.175009 5415.765000 
0.000000 -1538.677864 -6452.948238 
0.000000 -3996.480818 -1900.182559 
0.000000 -5619.198413 -587.455647 
0.000000 2851.198265 14757.655738 
0.000000 -364.521909 6758.146329 
0.000000 -5180.281957 5867.032198 
0.000000 -2869.285072 -1545.840786 
0.000000 -2240.091126 -3158.956801 
0.000000 -2226.565746 165.518063 
0.000000 625.193734 4899.418868 
0.000000 1057.805360 -4361.063878 
0.000000 45.195870 360.411580 
0.000000 5519.756159 -97.056472 
0.000000 13479.063672 -271.634177 
0.000000 16814.594372 -16897.294672 
0.000000 2331.244280 2372.195844 
0.000000 -5508.460678 8721.534224 
0.000000 4636.062461 -4137.660604 
0.000000 -7460.343089 -7621.360647 
0.000000 4148.022534 -6195.346067 
0.000000 -11088.316562 3273.798562 
0.000000 2484.576137 -9650.791863 
0.000000 236.115168 -2313.962986 
0.000000 11145.751435 -10794.214684 
0.000000 -1949.211179 -9992.276485 
0.000000 -9403.960598 509.526981 
0.000000 -3078.438319 10522.779627 
0.000000 -4799.718436 -3600.306043 
0.000000 4604.917860 2493.761400 
0.000000 -8169.885886 2066.782862 
0.000000 2547.649731 2352.170792 
0.000000 6591.272498 5471.911617 
0.000000 -5520.356790 2157.303806 
0.000000 -8988.791639 -6952.783592 
0.000000 3699.757871 3405.279434 
0.000000 7044.311273 -1364.853143 
0.000000 6698.491021 -4502.442349 
0.000000 -5441.582630 1480.863856 
0.000000 6303.900238 -5940.461018 
0.000000 4939.689575 7984.987057 
0.000000 -281.233700 5080.860394 
0.000000 2206.469361 2039.988191 
0.000000 -3451.089466 -5838.066468 
0.000000 -3485.058842 2083.259007 
0.000000 -56.966375 1532.401461 
0.000000 -2659.498795 -3819.172852 
0.000000 4571.741988 3786.705962 
0.000000 7301.134705 -11248.008604 
0.000000 -4509.539468 -472.022121 
0.000000 3138.860531 4809.013335 
0.000000 -6102.896061 -9989.935099 
0.000000 -5065.191689 2856.017552 
0.000000 -1913.463149 6058.971259 
0.000000 1394.581376 -3899.316542 
0.000000 -9745.304279 -8737.332671 
0.000000 -4231.422362 -4854.209199 
0.000000 -8639.883732 3435.481924 
0.000000 -12205.828143 -10508.460085 
0.000000 1745.115756 4247.687451 
0.000000 6725.872430 -5155.184198 
0.000000 -2956.147519 6482.250025 
0.000000 2641.230687 -0.000000 
0.000000 6910.757912 -2119.354312 
0.000000 -2123.475562 -5795.921563 
0.000000 1188.547118 2585.768052 
0.000000 2968.592873 6030.188254 
0.000000 4047.482755 -1297.419201 
0.000000 2929.924179 1562.732679 
0.000000 -446.860182 3003.597303 
0.000000 1547.458734 2920.980526 
0.000000 7861.609604 8025.483521 
0.000000 -8266.353415 4827.042087 
0.000000 -4508.892847 -11179.920450 
0.000000 4211.540338 -2652.023753 
0.000000 -4287.890576 3736.740380 
0.000000 3250.323873 -604.567964 
0.000000 -2334.214299 4692.713825 
0.000000 645.120877 -4624.093239 
0.000000 -127.730934 6877.436459 
0.000000 4447.424341 4294.412570 
0.000000 -195.710608 -3711.632018 
0.000000 1408.290108 4543.967982 
0.000000 -2089.361097 -1742.075729 
0.000000 -2375.975757 2546.307151 
0.000000 -10177.679957 8823.211464 
0.000000 -2952.313733 -1760.728834 
0.000000 6092.638516 -6462.587696 
0.000000 -1432.053033 -2250.485250 
0.000000 -2842.678003 495.511425 
0.000000 3041.786668 6286.712206 
0.000000 7865.848003 -3774.481916 
0.000000 -4883.758596 3515.223312 
0.000000 -3075.193585 -1191.462657 
0.000000 7196.126990 3074.939520 
0.000000 -4411.270820 922.206720 
0.000000 2307.748511 -7061.162088 
0.000000 -5494.058885 5113.460957 
0.000000 -4595.998110 5092.665768 
0.000000 3303.899717 3107.332772 
0.000000 4862.617207 5215.771670 
0.000000 465.634888 -1811.858374 
0.000000 3552.363940 -3237.702573 
0.000000 -1807.373319 -4301.824697 
0.000000 -9832.392827 -8356.453894 
0.000000 3133.105910 3615.595215 
0.000000 1326.896760 -5769.703483 
0.000000 -808.604079 -1193.194252 
0.000000 2606.129551 -729.428314 
0.000000 -1845.602977 3806.281487 
0.000000 -1533.699298 -9708.688179 
0.000000 -1777.764631 2066.107397 
0.000000 2190.778087 -3033.411434 
0.000000 -2111.385284 -2720.996578 
0.000000 3241.523218 3747.616118 
0.000000 -1907.550224 1158.156614 
0.000000 11468.112897 10967.010906 
0.000000 8245.505789 3290.056760 
0.000000 7810.329129 0.000000 
0.000000 2719.483914 1643.700568 
0.000000 3387.549398 3573.027811 
0.000000 1688.714492 -1324.017489 
0.000000 -15227.103922 -4061.714784 
0.000000 -2636.254080 1205.779849 
0.000000 7767.903942 3773.776377 
0.000000 -1534.566399 -5437.209951 
0.000000 2669.072711 -2063.441810 
0.000000 -9941.066952 7898.313720 
0.000000 -1823.065716 -1823.065716 
0.000000 5618.603198 5345.290688 
0.000000 4418.359981 4662.437683 
0.000000 -2536.321974 -6137.569712 
0.000000 8003.039925 -6301.717220 
0.000000 1020.523550 -3298.874852 
0.000000 -5011.451920 -5589.591891 
0.000000 -8068.323241 -7622.289489 
0.000000 7215.168229 3576.129989 
0.000000 1268.606553 5611.947830 
0.000000 -3154.830309 -1915.434541 
0.000000 -5052.244370 7403.488006 
0.000000 1826.052453 -1232.705301 
0.000000 11438.739362 -12123.216692 
0.000000 1161.561624 -5103.798355 
0.000000 -5509.573267 -2168.430857 
0.000000 10050.985900 11836.680161 
0.000000 -4307.254944 -3252.708033 
0.000000 1630.536543 -4374.439213 
0.000000 4514.502882 -1608.617249 
0.000000 5608.005212 -4966.333621 
0.000000 -4551.048021 -4857.847723 
0.000000 -1390.004241 -467.473732 
0.000000 6622.310765 362.421042 
0.000000 190.935661 5330.792984 
0.000000 2217.968977 5063.947519 
0.000000 2366.661678 -5850.620723 
0.000000 6635.095801 718.022387 
0.000000 632.777797 5789.125732 
0.000000 -6050.004029 386.537210 
0.000000 -1368.624888 -1208.241899 
0.000000 -7135.677427 6124.429570 
0.000000 -6705.975672 12278.812971 
0.000000 5405.524812 7866.929253 
0.000000 -871.898095 9990.198707 
0.000000 -1171.111874 755.858256 
0.000000 -3749.067615 0.000000 
0.000000 -6205.593172 6408.853031 
0.000000 -1743.292009 -5555.705731 
0.000000 4957.728884 3812.447850 
0.000000 -1426.895503 -521.648356 
0.000000 -1578.630719 5642.996223 
0.000000 -1657.093067 2668.951565 
0.000000 -9065.992501 -10057.735615 
0.000000 636.368801 4428.278143 
0.000000 -2705.666249 2635.413242 
0.000000 -5261.575269 -5465.216090 
0.000000 10209.480634 -4481.683726 
0.000000 -3555.428222 -2925.684403 
0.000000 -276.660060 3397.925082 
0.000000 9095.892927 -2540.913522 
0.000000 -3179.666808 4419.583802 
0.000000 -1371.604244 2354.989514 
0.000000 6409.524864 -7385.504523 
0.000000 945.802012 4528.262048 
0.000000 -414.118549 2114.704900 
0.000000 1689.637588 -1406.735260 
0.000000 -5947.030734 8761.818237 
0.000000 651.097487 -1824.211541 
0.000000 -18201.156199 14998.050280 
0.000000 -8662.236645 -5109.737001 
0.000000 -7368.369337 -7796.820308 
0.000000 7208.028513 -7595.973745 
0.000000 5053.541157 -5540.079901 
0.000000 553.085643 -5032.272443 
0.000000 7073.503018 11069.148104 
0.000000 -7439.510632 6427.147632 
0.000000 -8060.233932 -8578.246783 
0.000000 -4125.798342 -1689.314455 
0.000000 3370.805582 2701.725999 
0.000000 4122.671607 -4208.998341 
0.000000 -9958.622650 12217.781153 
0.000000 4702.972409 3254.440073 
0.000000 197.279445 -5639.017761 
0.000000 393.535127 2657.137426 
0.000000 -11860.305763 -13849.311301 
0.000000 -3696.665843 -2416.113804 
0.000000 -6687.063250 2091.170165 
0.000000 1512.400520 -101.982559 
0.000000 -16107.573261 11012.244276 
0.000000 -963.029678 -2048.494424 
0.000000 -8598.576131 -4783.396244 
0.000000 6370.187105 4622.886788 
0.000000 1114.504932 8148.326218 
0.000000 -9197.571275 7788.817137 
0.000000 -10236.869474 8958.825255 
0.000000 3912.853672 5645.408921 
0.000000 -6458.191919 -7116.507246 
0.000000 -2634.800589 9558.938704 
0.000000 -7323.274292 6920.845629 
0.000000 -4341.039615 4093.879572 
0.000000 -4864.953303 2118.960285 
0.000000 -1844.380831 -5519.917857 
0.000000 7285.093139 4197.103986 
0.000000 7667.111048 6383.259881 
0.000000 -7029.270240 3450.337212 
0.000000 3783.718338 3783.718338 
0.000000 2623.578265 3070.156887 
0.000000 4872.873712 3228.111555 
0.000000 -8740.613631 3298.880854 
0.000000 8700.552249 -6314.578016 
0.000000 -2940.314848 2325.402791 
0.000000 -2594.483909 186.766473 
0.000000 -109.991121 -6115.140341 
0.000000 3014.939426 -2777.621032 
0.000000 -330.650301 330.650301 
0.000000 -10201.799406 -4168.295274 
0.000000 7254.105128 -1032.130841 
0.000000 -504.381022 629.323086 
0.000000 2144.284402 -1147.306589 
0.000000 1619.353808 -3769.584412 
0.000000 502.880979 -3272.860204 
0.000000 -1575.138847 4015.317052 
0.000000 -3460.726504 3631.491018 
0.000000 -13490.027460 2796.311804 
0.000000 -3142.476285 -3174.951135 
0.000000 7470.624117 -4335.193950 
0.000000 3972.478652 2316.510261 
0.000000 -1475.170842 4039.095366 
0.000000 2729.974417 3280.429384 
0.000000 -7154.830928 5309.464190 
0.000000 1116.996218 -374.763521 
0.000000 -2084.934806 -106.388850 
0.000000 757.217988 4652.968557 
0.000000 197.206202 -7849.401126 
0.000000 -4573.356657 -4489.319178 
0.000000 1537.078681 4846.605467 
0.000000 -5640.676761 8963.124096 
0.000000 0.000000 -9109.578946 
0.000000 -10371.713974 -11317.966927 
0.000000 -5598.843642 5539.503142 
0.000000 -1793.926329 7236.308874 
0.000000 11301.112611 -10678.067700 
0.000000 -2706.722535 10523.857637 
0.000000 -5893.664106 -4584.174333 
0.000000 6374.110052 -5723.577822 
0.000000 -1389.771828 1515.278125 
0.000000 -1245.482263 2020.226087 
0.000000 5219.213655 4604.243948 
0.000000 4116.962977 -3523.585792 
0.000000 5784.568959 -4121.025436 
0.000000 779.716827 1584.916023 
0.000000 4650.647483 899.776478 
0.000000 -876.086147 7184.190546 
0.000000 4595.310703 4356.273713 
0.000000 -8918.439052 -2134.966502 
0.000000 7711.772995 -5851.637044 
0.000000 977.093155 2303.201514 
0.000000 -3090.535000 2515.541785 
0.000000 -1999.621996 4970.745450 
0.000000 5611.025420 -3325.332176 
0.000000 -9111.609574 10014.117770 
0.000000 9520.143143 10045.327090 
0.000000 4518.195938 10068.957680 
0.000000 -3394.837404 -4217.242751 
0.000000 3151.445135 2559.397706 
0.000000 -4817.921241 -14654.484775 
0.000000 5289.052843 -4260.156437 
0.000000 -3118.502014 1796.324231 
0.000000 1709.821312 -3419.642625 
0.000000 948.463361 -6950.882704 
0.000000 10151.350930 -12019.771301 
0.000000 1009.727814 -5707.956650 
0.000000 1540.980204 2485.573880 
0.000000 -6319.212080 -478.874120 
0.000000 4626.973568 -4760.662460 
0.000000 5577.254519 1443.499689 
0.000000 -4782.993710 -5254.049503 
0.000000 1611.476620 -6635.796488 
0.000000 2559.569562 9115.393858 
0.000000 -2597.278515 -2409.849170 
0.000000 -3829.307774 202.380033 
0.000000 753.731138 -3466.529046 
0.000000 -3806.698948 9008.238041 
0.000000 -6597.890508 -7091.070034 
0.000000 -10352.877513 12138.088151 
0.000000 8476.551106 -5466.506946 
0.000000 -6828.208449 3617.405425 
0.000000 2112.870995 -2344.302829 
0.000000 -4963.692352 2786.264114 
0.000000 -4225.413246 1264.668864 
0.000000 12230.801826 -7546.418207 
0.000000 2679.044982 7101.697363 
0.000000 229.927746 -3554.257296 
0.000000 -2102.188628 13191.245943 
0.000000 -6667.929317 1728.155476 
0.000000 -14279.693705 -1690.513062 
0.000000 3122.742039 -3122.742039 
0.000000 928.571613 -1606.332981 
0.000000 -6017.971004 8396.357726 
0.000000 3767.999267 -2414.784170 
0.000000 13759.466533 -14137.736607 
0.000000 1207.897020 -4966.644361 
0.000000 -9063.687019 1577.528285 
0.000000 -6531.809427 9683.805711 
0.000000 -3758.329309 7961.591466 
0.000000 -2422.815190 -0.000000 
0.000000 -7580.646446 8493.363840 
0.000000 2061.387868 3023.100620 
0.000000 -7628.655884 -1351.591773 
0.000000 -1256.588019 7304.580091 
0.000000 -3693.890475 -3220.038354 
0.000000 1928.941326 2957.530294 
0.000000 2529.166186 2297.683061 
0.000000 -5126.204327 -3961.931834 
0.000000 1916.291314 2110.497153 
0.000000 880.567603 -7771.774006 
0.000000 4114.055448 -12205.961652 
0.000000 2648.006451 2669.153128 
0.000000 1500.154164 -1722.974760 
0.000000 2600.316445 -1457.629214 
0.000000 -6319.814142 -126.107340 
0.000000 8667.054578 -4641.836060 
0.000000 -6006.728207 745.737318 
0.000000 11516.987550 5096.616808 
0.000000 4600.081762 -3081.621651 
0.000000 15079.449528 1316.064244 
0.000000 5371.691785 992.648520 
0.000000 -9199.946514 -8673.297930 
0.000000 -7770.840087 -4007.771030 
0.000000 -5659.411436 4635.771890 
0.000000 -11122.056706 -1019.236077 
0.000000 3470.190303 0.000000 
0.000000 -6133.466314 458.288295 
0.000000 1329.507167 -4805.038080 
0.000000 6239.976913 -1680.109457 
0.000000 -7552.753606 6315.584090 
0.000000 -1007.118469 -1543.181667 
0.000000 -6090.169617 8036.249653 
0.000000 763.450393 -5164.535413 
0.000000 -3292.297674 4369.026579 
0.000000 -866.788922 -1273.437846 
0.000000 9385.513304 3608.357126 
0.000000 -2837.816001 -1057.326678 
0.000000 -1377.956300 6940.399557 
0.000000 -4730.542689 -3018.853795 
0.000000 -7534.597587 -7079.470950 
0.000000 1599.737475 8134.933218 
0.000000 3636.475957 -2774.081111 
0.000000 7619.241739 7636.683869 
0.000000 623.509653 933.127647 
0.000000 -1747.956910 3118.242317 
0.000000 7205.012013 12177.328653 
0.000000 10602.217284 742.398341 
0.000000 -11787.425632 7274.784865 
0.000000 -5215.765249 10109.568605 
0.000000 -4421.974618 -0.000000 
0.000000 4520.372078 4102.213265 
0.000000 -2738.908890 526.533152 
0.000000 -2420.733328 -5418.613773 
0.000000 1341.989783 -5605.921253 
0.000000 -12592.086099 11592.842015 
0.000000 3685.723345 -1499.118741 
0.000000 -2666.005868 -6620.445394 
0.000000 -4595.721948 -4166.287875 
0.000000 -10416.526817 5529.147222 
0.000000 -106.368636 5938.574465 
0.000000 -8728.889882 -8243.860959 
0.000000 -2619.148636 -11466.307150 
0.000000 2477.329198 -9739.011309 
0.000000 2444.292832 2007.980171 
0.000000 -6232.179988 -3861.934614 
0.000000 -7296.309493 -2429.947461 
0.000000 9505.331040 5084.669908 
0.000000 -6210.079234 5977.703532 
0.000000 4376.794136 -3668.536580 
0.000000 3692.357747 -4482.843753 
0.000000 2891.405420 -3248.228154 
0.000000 1679.908663 1592.080656 
0.000000 -383.630160 4305.475560 
0.000000 3565.124281 4521.451626 
0.000000 1636.036413 -798.939326 
0.000000 7522.731824 1493.250910 
0.000000 -12545.986945 12985.083125 
0.000000 8941.605353 8407.482179 
0.000000 4154.853354 -5130.816593 
0.000000 5529.996556 7665.666126 
0.000000 -968.411338 -2988.217822 
0.000000 -3898.539871 6010.827917 
0.000000 -1392.732720 2194.480599 
0.000000 -1555.828757 4936.770954 
0.000000 -984.561405 1422.269960 
0.000000 -5070.489636 6664.446295 
0.000000 -16829.321637 -16899.989116 
0.000000 -3487.343456 5642.640242 
0.000000 5968.823814 12307.415482 
0.000000 2461.106464 4130.981540 
0.000000 1162.568060 -2262.243029 
0.000000 9141.587088 -8278.107809 
0.000000 -2147.839523 796.902199 
0.000000 -2905.465527 -6971.086904 
0.000000 -5329.284128 -5435.466875 
0.000000 -9323.320172 -10940.765665 
0.000000 -2624.462284 3593.341902 
0.000000 -5517.808596 -6045.857455 
0.000000 -651.385710 -4842.908409 
0.000000 -10579.590226 -2647.870205 
0.000000 4542.354678 -3548.876420 
0.000000 -2493.570236 -2115.107364 
0.000000 -10700.181382 -1705.206598 
0.000000 -5284.751520 -2080.424091 
0.000000 2394.604277 -2272.867928 
0.000000 -6511.082270 -3232.661400 
0.000000 0.000000 -2698.199516 
0.000000 3974.297081 -650.124381 
0.000000 102.215687 3103.644295 
0.000000 8959.321677 -7343.444442 
0.000000 5968.959695 -3682.854710 
0.000000 10446.796499 -10788.974002 
0.000000 7430.722326 -5213.500608 
0.000000 -3530.866875 7663.440952 
0.000000 4917.761912 3332.669709 
0.000000 9868.899059 5444.478728 
0.000000 5031.481304 -4799.909227 
0.000000 5813.820110 -2365.053884 
0.000000 -1597.871926 -2059.556625 
0.000000 -907.540353 -2442.789574 
0.000000 4043.148564 -2327.573075 
0.000000 332.979219 992.456595 
0.000000 4166.788737 -8503.540483 
0.000000 -1306.051188 3861.072859 
0.000000 -2031.688488 -2031.688488 
0.000000 4188.316458 7180.175826 
0.000000 2926.448222 -2439.376551 
0.000000 6950.412545 1682.481901 
0.000000 2064.315628 -5771.925693 
0.000000 -5467.698226 2873.097528 
0.000000 -1629.100329 -267.351517 
0.000000 -8422.840776 -8403.508749 
0.000000 8831.186338 -154.501812 
0.000000 -785.199455 -1173.015082 
0.000000 1959.914140 -701.998279 
0.000000 8254.217763 -7215.964305 
0.000000 -910.763345 16550.522365 
0.000000 9428.677976 6558.698547 
0.000000 -2781.673741 320.670929 
0.000000 -1629.588570 -2387.912983 
0.000000 -13466.222416 14626.942373 
0.000000 -4638.075309 -6523.296863 
0.000000 12604.474844 -4106.116948 
0.000000 -1081.534073 2226.219030 
0.000000 42.723235 -1929.038781 
0.000000 -1475.102855 632.601161 
0.000000 1441.555994 -4006.336351 
0.000000 -2302.292995 7724.180643 
0.000000 -1919.431925 -1836.227379 
0.000000 12413.615769 6951.132129 
0.000000 -3373.431470 2607.976737 
0.000000 -5294.743405 -5801.445144 
0.000000 -2688.049809 2848.034609 
0.000000 -4093.921376 4468.037198 
0.000000 1935.521182 7717.794878 
0.000000 -3556.922617 2421.084884 
0.000000 -5950.206140 4913.059683 
0.000000 -6212.915312 -962.034288 
0.000000 -1258.016289 3826.459510 
0.000000 -3537.873347 -771.036791 
0.000000 9065.488567 1289.858662 
0.000000 -5761.059812 2880.968691 
0.000000 -460.813401 4902.244327 
0.000000 -3971.153217 422.520838 
0.000000 -3788.611095 -4870.413870 
0.000000 -1258.082553 3376.635501 
0.000000 -3815.928958 2103.716534 
0.000000 -5013.900817 -11533.414860 
0.000000 -5044.545400 -282.794176 
0.000000 7499.876724 6027.612799 
0.000000 10448.905526 2008.717844 
0.000000 12493.933750 9464.800926 
0.000000 -681.679419 3696.619421 
0.000000 708.896839 2057.298756 
0.000000 11218.131281 11870.435612 
0.000000 1906.166890 -1083.746649 
0.000000 5374.913167 -4568.122443 
0.000000 -10688.128899 0.000000 
0.000000 3361.088737 -2518.863795 
0.000000 -437.036594 273.689734 
0.000000 4367.341650 -5167.005364 
0.000000 -4058.252516 -3378.701614 
0.000000 8626.791387 -3150.703303 
0.000000 2053.279807 3611.447368 
0.000000 1617.703744 4237.686696 
0.000000 -6454.014157 -5985.566864 
0.000000 3691.765766 3611.641897 
0.000000 3726.600846 1094.326572 
0.000000 244.602026 8434.663391 
0.000000 9636.156482 8112.431079 
0.000000 10224.447928 -540.365055 
0.000000 -1715.202854 -1620.864600 
0.000000 -10570.103903 -8828.821981 
0.000000 2991.475756 -14073.786911 
0.000000 5352.574863 1246.800810 
0.000000 -1806.855860 -1495.076259 
0.000000 -4353.290012 4568.096774 
0.000000 -6822.911839 7758.729072 
0.000000 -14547.085551 -2526.459688 
0.000000 1693.821249 2676.395644 
0.000000 7374.750326 7356.785805 
0.000000 -1360.361107 -1805.715338 
0.000000 661.555534 -9391.491364 
0.000000 -5974.230126 -3033.196128 
0.000000 -10650.276224 -2756.914214 
0.000000 6411.147015 -3266.642564 
0.000000 -11648.400229 -10719.895129 
0.000000 -246.934891 1895.821069 
0.000000 -10525.451648 7039.740275 
0.000000 -6578.839305 -5467.423336 
0.000000 -5040.844157 6450.527984 
0.000000 6038.345909 4582.299824 
0.000000 -5416.998005 3761.445451 
0.000000 -4983.899474 -2347.516866 
0.000000 -6839.559965 1810.320522 
0.000000 12585.917566 -9901.961405 
0.000000 -157.551089 6493.819035 
0.000000 9280.187869 -7841.469556 
0.000000 -11861.413054 7519.505037 
0.000000 2843.062041 4233.656793 
0.000000 5701.326882 -4112.341824 
0.000000 -2568.381989 -3691.218807 
0.000000 1594.745843 5187.552014 
0.000000 -13711.557811 -10494.557242 
0.000000 -6848.333750 -369.386452 
0.000000 -4066.138369 1257.271753 
0.000000 4793.384559 6484.206179 
0.000000 -2391.469076 -5878.754432 
0.000000 5827.562301 5719.516379 
0.000000 -1264.939590 5050.546649 
0.000000 -1301.966961 -1787.397010 
0.000000 -7111.028562 -2946.450480 
0.000000 -6071.288490 3251.615135 
0.000000 -6667.802698 -2978.801016 
0.000000 -4928.046479 8936.880642 
0.000000 -4790.596848 -7085.178990 
0.000000 6166.753468 7725.859202 
0.000000 -3665.527462 -7271.675976 
0.000000 7137.444912 -10552.903127 
0.000000 -4933.279912 2168.914241 
0.000000 7046.288236 3791.566289 
0.000000 4035.562004 3237.014657 
0.000000 2414.020044 -645.799085 
0.000000 -3028.301827 -7185.996601 
0.000000 -2920.762938 5830.761209 
0.000000 1805.422236 394.685682 
0.000000 -679.340413 -3468.195944 
0.000000 3406.239745 3490.620188 
0.000000 15525.705080 15298.670208 
0.000000 -2990.441440 1947.185002 
0.000000 1247.002962 -5704.202047 
0.000000 2027.277113 -177.071644 
0.000000 -3908.939810 2961.383280 
0.000000 1635.944797 -15363.163613 
0.000000 -859.007958 660.702729 
0.000000 -11551.733280 7589.019406 
0.000000 139.527232 557.683992 
0.000000 4959.533663 5487.758668 
0.000000 5813.095748 1740.682122 
0.000000 -5050.701881 4008.259707 
0.000000 -2802.266655 -2984.360640 
0.000000 4644.023770 4004.493898 
0.000000 -5687.284478 -7776.380245 
0.000000 -1689.226251 6007.830535 
0.000000 -702.203286 -9626.638307 
0.000000 -8216.316755 -8344.774905 
0.000000 568.223670 539.336444 
0.000000 -7783.327678 -5589.565747 
0.000000 -5823.143823 -2619.844685 
0.000000 -3460.472108 5496.274386 
0.000000 7000.266388 -3506.595090 
0.000000 757.746946 4152.000035 
0.000000 -3108.113328 -1954.307772 
0.000000 3975.241446 3536.288827 
0.000000 3378.851536 -3653.077401 
0.000000 -5340.687356 13566.563542 
0.000000 -2212.066507 -5338.650086 
0.000000 -5501.746756 1722.995719 
0.000000 -3436.892993 -1160.654454 
0.000000 2430.998505 -2203.232875 
0.000000 3308.280495 1600.690977 
0.000000 -1782.495086 2705.798669 
0.000000 2400.328974 -2473.572448 
0.000000 4513.706904 -1219.689606 
0.000000 -2274.297725 5184.903935 
0.000000 8397.399464 1816.277012 
0.000000 8822.281741 2822.406145 
0.000000 6120.495981 5654.640814 
0.000000 4230.352162 -7568.184147 
0.000000 -203.968853 -2755.806323 
0.000000 -1112.089115 -3174.311259 
0.000000 1156.573133 7352.838159 
0.000000 -1945.952243 -4336.053072 
0.000000 931.805949 -1506.115257 
0.000000 -8461.942965 756.906386 
0.000000 6960.601973 -3974.470707 
0.000000 3072.601312 -2084.692872 
0.000000 -3531.601945 -307.120557 
0.000000 -976.042419 5108.274824 
0.000000 8782.330882 -1387.360935 
0.000000 4250.188838 -3789.573876 
0.000000 4113.146792 4492.215672 
0.000000 -5941.646411 1941.865303 
0.000000 2604.900297 2592.209485 
0.000000 -2435.764207 -2509.949454 
0.000000 1457.015000 1776.913456 
0.000000 -7937.237444 -9123.788683 
0.000000 -1369.092635 -9202.437623 
0.000000 9126.730575 -341.179286 
0.000000 -3022.590211 483.689339 
0.000000 7793.509036 -8148.366929 
0.000000 1912.951591 8087.648584 
0.000000 -3720.149182 2970.884652 
0.000000 4217.283468 -4084.073638 
0.000000 -2736.203618 -2961.624583 
0.000000 -748.861268 2406.865629 
0.000000 -232.729820 -954.833323 
0.000000 4430.940247 -1831.452246 
0.000000 6180.532321 4950.892914 
0.000000 -4187.767902 3675.050741 
0.000000 6298.972284 -6377.024402 
0.000000 -3602.505279 -4037.205175 
0.000000 8660.455390 -14637.201352 
0.000000 263.280258 -5029.814644 
0.000000 6699.887582 -3953.137996 
0.000000 -9937.316292 9360.825290 
0.000000 7704.019435 -8467.198632 
0.000000 -1727.808509 11590.229678 
0.000000 -619.131144 -2648.262948 
0.000000 3255.089965 849.247696 
0.000000 -960.236972 -6523.688038 
0.000000 -12150.663178 5273.749809 
0.000000 11345.867695 -12136.414021 
0.000000 -6978.618090 1694.729474 
0.000000 3735.759850 3839.015614 
0.000000 -1477.186809 -1518.219194 
0.000000 -5512.587476 1812.808971 
0.000000 4686.394201 -1151.231157 
0.000000 1887.372004 5667.139100 
0.000000 -4216.855769 8432.427044 
0.000000 -492.277067 5984.743880 
0.000000 11865.117548 -9094.265038 
0.000000 12824.270678 -13074.959636 
0.000000 5554.703621 -10970.273649 
0.000000 -6289.453951 5554.104143 
0.000000 1574.334053 -2610.429168 
0.000000 -5018.535967 -2500.184813 
0.000000 3327.009932 3448.957598 
0.000000 5741.425864 -3655.118428 
0.000000 5454.433242 6007.210773 
0.000000 9678.026804 5706.060097 
0.000000 -4475.303567 193.056318 
0.000000 -1276.822464 -2648.851992 
0.000000 -5981.585515 -2735.976551 
0.000000 -1178.851233 -10663.370571 
0.000000 -632.308212 -6773.054207 
0.000000 -3514.988233 7812.784525 
0.000000 -7491.793889 2938.900075 
0.000000 5746.977058 -5266.493765 
0.000000 5126.334037 -2727.665368 
0.000000 7042.629174 7042.629174 
0.000000 -173.876401 2105.570255 
0.000000 -981.502508 -286.283829 
0.000000 -1472.207058 1909.745667 
0.000000 2612.612512 3621.499168 
0.000000 721.900352 1951.714616 
0.000000 3742.267269 -6120.089213 
0.000000 8710.580565 8644.724989 
0.000000 -5396.139293 -3538.793284 
0.000000 3851.037796 4829.704611 
0.000000 -2864.171188 396.692212 
0.000000 -4185.841567 6224.510771 
0.000000 7180.250427 -8344.844000 
0.000000 -16052.313326 16084.266759 
0.000000 -423.657191 -846.153168 
0.000000 1180.227375 5334.240468 
0.000000 1709.300836 -1791.365260 
0.000000 5406.438506 6057.670989 
0.000000 3356.562687 -2195.094698 
0.000000 -15970.609517 -6912.720138 
0.000000 3064.490168 8100.943267 
0.000000 1314.573860 -2058.208493 
0.000000 7894.875518 1746.780683 
0.000000 -2760.580089 5606.862940 
0.000000 8839.294996 -3752.058119 
0.000000 1253.479991 891.376081 
0.000000 1024.401265 1295.286245 
0.000000 -6542.161145 -334.778124 
0.000000 4181.511210 401.813630 
0.000000 3449.331673 -3730.827799 
0.000000 -3187.607069 -1014.069714 
0.000000 13183.542617 13069.314970 
0.000000 -2844.865690 -2310.413924 
0.000000 4453.734188 -6096.670178 
0.000000 -10489.148797 -3779.680231 
0.000000 6765.448702 -3502.053946 
0.000000 6929.405275 6929.405275 
0.000000 -2162.908103 7845.738742 
0.000000 -5514.633869 1785.802570 
0.000000 2679.925095 419.296509 
0.000000 -785.494012 -1402.731283 
0.000000 4006.272955 11041.581960 
0.000000 -696.336590 419.163591 
0.000000 4572.962925 4640.679550 
0.000000 -4959.704348 -4134.430094 
0.000000 -2035.200881 2096.411888 
0.000000 -3791.521792 -1312.941313 
0.000000 3634.449472 -2718.025784 
0.000000 -109.293802 1421.749663 
0.000000 -1612.132132 1916.870012 
0.000000 6538.268124 -1421.622668 
0.000000 5560.374083 4666.164592 
0.000000 1628.752928 -1468.406275 
0.000000 2786.550650 4311.470763 
0.000000 2574.713267 13245.751477 
0.000000 -4452.241646 2065.834527 
0.000000 7663.632951 10528.719094 
0.000000 11755.875152 8503.049479 
0.000000 4298.002903 853.231738 
0.000000 6940.419047 -1487.169550 
0.000000 -5518.227044 4229.559385 
0.000000 -8033.029895 -7834.839510 
0.000000 14835.859173 -11877.376650 
0.000000 11039.558654 -3115.740596 
0.000000 -4587.557610 -5187.167488 
0.000000 -6768.870175 5837.793936 
0.000000 -5009.211127 -4201.717882 
0.000000 8474.312166 -6462.842908 
0.000000 1535.027567 -1198.053196 
0.000000 6721.913439 -2409.285282 
0.000000 -1868.225290 -5644.150954 
0.000000 6229.063809 -7201.595779 
0.000000 7729.489376 1659.064956 
0.000000 -7363.784392 -1410.897886 
0.000000 965.697226 1266.408076 
0.000000 -218.311441 -1086.244429 
0.000000 1168.743611 -3669.788236 
0.000000 4884.379860 3675.340878 
0.000000 -5399.261596 1237.302317 
0.000000 -11118.388600 10609.042923 
0.000000 -11133.945109 -9899.779495 
0.000000 -12077.917341 7782.493380 
0.000000 -6832.852219 -7234.070617 
0.000000 -2998.290676 -4084.044790 
0.000000 -10303.355674 11107.082264 
0.000000 -1195.022272 5676.975451 
0.000000 -5387.596411 5055.067840 
0.000000 -4960.654500 -6097.291247 
0.000000 -3350.595880 -3559.684700 
0.000000 -6555.462606 5995.512151 
0.000000 -3767.988373 3659.482331 
0.000000 -2528.433834 85.677656 
0.000000 -7283.702123 5510.503080 
0.000000 -2782.087727 2856.430799 
0.000000 12276.560324 -5955.422431 
0.000000 -3299.396024 -4505.172134 
0.000000 -4971.627700 -4890.204573 
0.000000 -5427.917366 -1051.672731 
0.000000 12496.485823 -2939.541651 
0.000000 2582.849303 2709.847436 
0.000000 -9044.666942 322.706230 
0.000000 5970.593142 6392.134208 
0.000000 -6696.214274 10316.078090 
0.000000 -8792.113331 8551.781701 
0.000000 5060.300428 6727.264867 
0.000000 -6739.871347 -1797.809697 
0.000000 -780.932736 6335.772088 
0.000000 5463.681360 5813.442708 
0.000000 895.507285 -3209.297478 
0.000000 358.318013 5135.916713 
0.000000 -5493.403747 4946.282951 
0.000000 -4075.260126 -3313.960009 
0.000000 4126.902447 10071.967133 
0.000000 4375.109023 4312.610656 
0.000000 -4585.179613 8851.620242 
0.000000 8208.786985 -7294.027823 
0.000000 244.471858 866.792667 
0.000000 1798.008897 577.277306 
0.000000 -5569.796848 -105.601136 
0.000000 -1099.862368 -2273.176567 
0.000000 6591.931673 -5653.994542 
0.000000 10018.441311 3769.058723 
0.000000 -9342.488654 0.000000 
0.000000 6424.829586 -7495.420767 
0.000000 1742.967020 -787.457299 
0.000000 11257.691838 -10608.651309 
0.000000 7769.124285 5744.612720 
0.000000 7030.543044 7410.556051 
0.000000 8660.917050 -8707.297437 
0.000000 684.989118 -1364.765054 
0.000000 2440.236247 0.000000 
0.000000 10396.340311 8675.578226 
0.000000 2319.506257 -1723.569529 
0.000000 4909.752406 1683.467389 
0.000000 1902.935265 -5456.747203 
0.000000 -5618.731020 2975.907389 
0.000000 4933.744670 3926.051923 
0.000000 9252.279371 8233.947947 
0.000000 5580.291542 2457.165644 
0.000000 443.808566 4873.771098 
0.000000 -16143.192780 1408.902809 
0.000000 -9149.375149 3588.601389 
0.000000 2289.280342 -2604.707414 
0.000000 -1625.789383 -1753.981611 
0.000000 -7045.668381 5626.620609 
0.000000 -1443.420423 486.063068 
0.000000 12028.298006 13004.508531 
0.000000 14385.366958 11062.214699 
0.000000 1538.802739 1300.652278 
0.000000 -8062.552240 -4003.329364 
0.000000 1484.662636 -3068.475122 
0.000000 -8899.978157 6800.625767 
0.000000 -1263.543381 -7526.777303 
0.000000 2337.456524 451.599638 
0.000000 4953.270458 5698.085848 
0.000000 1853.532718 1472.150704 
0.000000 -4886.843179 -8631.508019 
0.000000 2182.790802 1741.503422 
0.000000 -5419.835508 -246.917177 
0.000000 -5654.863425 1079.163171 
0.000000 -2705.793604 4021.593031 
0.000000 1715.655878 1277.648776 
0.000000 -5213.902602 5437.393586 
0.000000 12241.845543 -8155.270179 
0.000000 9676.847106 -11061.045159 
0.000000 -2917.059767 -4111.531615 
0.000000 5016.914641 5356.627557 
0.000000 -9067.159022 -5737.569138 
0.000000 -4721.400729 -5924.593165 
0.000000 -5782.560811 -1395.906561 
0.000000 -5535.275727 5018.047742 
0.000000 -13615.183047 7728.255197 
0.000000 -1474.045024 -9263.491424 
0.000000 1700.751102 -6263.923834 
0.000000 2606.602178 -4096.300639 
0.000000 2934.373823 -1211.977921 
0.000000 10858.587715 9533.449037 
0.000000 -1757.232443 -3090.739246 
0.000000 5207.783573 4144.119747 
0.000000 1731.961986 6327.209147 
0.000000 -6462.919099 6502.988239 
0.000000 2437.001641 4855.437527 
0.000000 -708.254016 1059.953764 
0.000000 -4276.591608 -3251.912789 
0.000000 3798.792716 2173.870112 
0.000000 11092.114479 11092.114479 
0.000000 -1330.319987 523.580824 
0.000000 -868.441269 -7901.548553 
0.000000 -7618.044832 -7631.995281 
0.000000 3085.258468 -5254.879588 
0.000000 -5015.069157 -7678.790352 
0.000000 -5881.197022 641.819814 
0.000000 -6043.574043 -2269.491050 
0.000000 3417.408952 -11650.503486 
0.000000 1539.586283 6117.450914 
0.000000 -7502.290396 -7508.009670 
0.000000 4360.426393 11966.498181 
0.000000 310.716458 2030.559776 
0.000000 -0.000000 -7583.571226 
0.000000 5659.808660 8967.865261 
0.000000 -5405.221739 4409.089020 
0.000000 8236.407630 8293.229989 
0.000000 -4316.824862 -2687.056643 
0.000000 409.794108 -1620.864563 
0.000000 -7396.281009 7146.172580 
0.000000 -3409.207875 2410.011929 
0.000000 1997.337953 1322.854942 
0.000000 931.589273 1639.214623 
0.000000 5031.371525 2829.004836 
0.000000 -1434.625837 -7500.333818 
0.000000 4217.591072 5436.210183 
0.000000 2162.795449 4301.894859 
0.000000 1693.336097 -8141.393716 
0.000000 1575.376665 -7520.664374 
0.000000 504.750862 5720.065320 
0.000000 5569.305851 -5229.261443 
0.000000 -7357.291585 9260.187234 
0.000000 14407.581794 -7036.533308 
0.000000 -1764.468285 4083.851968 
0.000000 2826.058195 -5071.982173 
0.000000 4864.000886 7493.400139 
0.000000 -4761.304063 -7434.447664 
0.000000 7544.027974 -2107.404171 
0.000000 -138.496188 -2244.182337 
0.000000 15692.371391 -15866.204852 
0.000000 8692.195429 6173.001200 
0.000000 5103.943535 -1910.853461 
0.000000 7812.349180 -8158.253586 
0.000000 -4633.891627 -3957.132447 
0.000000 1866.653188 582.210584 
0.000000 -1183.303129 2211.560943 
0.000000 -5950.533070 4281.107304 
0.000000 565.129052 -5109.563135 
0.000000 -631.962274 3792.487390 
0.000000 -4076.043088 4928.168128 
0.000000 4412.932162 -1266.809543 
0.000000 -2895.853157 -7309.222529 
0.000000 1997.311338 -2570.510545 
0.000000 3079.578233 797.539337 
0.000000 7402.564619 3432.053928 
0.000000 -1865.030728 -5432.234796 
0.000000 12972.026286 -7643.384644 
0.000000 8070.442839 -1140.515550 
0.000000 -7582.937840 -7329.012384 
0.000000 4009.790174 -4072.190178 
0.000000 11848.877596 13980.007150 
0.000000 1206.061954 1021.094119 
0.000000 878.287421 -5622.924376 
0.000000 3805.288629 4829.080177 
0.000000 -11460.783511 -11043.714127 
0.000000 -4118.007782 -6440.873512 
0.000000 10389.095544 383.465978 
0.000000 10380.904245 12532.642406 
0.000000 1199.523669 -81.280927 
0.000000 -1240.468982 4871.907226 
0.000000 5833.940641 -1744.534402 
0.000000 -4804.054717 -2566.601792 
0.000000 390.602693 5090.007234 
0.000000 5273.815908 1453.660672 
0.000000 -7438.713889 8192.587612 
0.000000 -2027.450643 389.223930 
0.000000 -2391.065256 -2793.724267 
0.000000 -2299.099549 -534.896686 
0.000000 2447.012549 -7323.492003 
0.000000 -4652.416816 2508.896587 
0.000000 -1688.160302 -1577.032692 
0.000000 5680.403790 0.000000 
0.000000 7350.408780 2684.538919 
0.000000 6539.895381 6157.392593 
0.000000 -3458.682994 1071.932960 
0.000000 3411.794934 -7484.632886 
0.000000 2689.351333 4318.386332 
0.000000 -5529.127923 8943.603255 
0.000000 674.636647 3305.962744 
0.000000 14117.296279 3175.700683 
0.000000 -3198.035173 -2298.821636 
0.000000 -4892.412771 -2092.526373 
0.000000 406.684561 -5952.665635 
0.000000 -2737.205128 7607.556815 
0.000000 -6306.228889 -7324.835935 
0.000000 -5216.184370 -1924.149258 
0.000000 -9779.595963 9838.125610 
0.000000 -3588.639154 8714.378484 
0.000000 -1140.661931 -6369.483809 
0.000000 2165.378449 -1916.879005 
0.000000 7405.556153 -2874.803697 
0.000000 1907.402674 2231.502877 
0.000000 8835.606210 468.184022 
0.000000 -13887.190340 -13665.331600 
0.000000 -5738.830298 2668.808571 
0.000000 3461.715837 -3295.199006 
0.000000 -568.931988 -4548.726383 
0.000000 4671.338525 -4782.535453 
0.000000 5425.359700 2358.556921 
0.000000 2923.800577 -4723.023622 
0.000000 -5102.267562 -2435.587119 
0.000000 -2756.420533 -7404.961715 
0.000000 -165.709104 -3142.656516 
0.000000 -403.745053 -1603.932033 
0.000000 1480.363554 330.259339 
0.000000 993.746626 -5005.821621 
0.000000 7204.748162 4559.069993 
0.000000 2994.660794 5059.888271 
0.000000 5523.071893 6737.366756 
0.000000 -3655.842169 -7113.909067 
0.000000 6888.894563 -3652.783115 
0.000000 3340.027481 3782.238953 
0.000000 11699.048635 -4596.361826 
0.000000 3843.016803 -2773.327672 
0.000000 4069.153560 5811.353546 
0.000000 -2767.633733 -3372.870694 
0.000000 3833.052039 -1471.519934 
0.000000 870.078723 -3060.603723 
0.000000 2135.256246 -497.375429 
0.000000 6673.939340 -2506.206674 
0.000000 7332.230668 6648.955493 
0.000000 -3498.907531 5868.861533 
0.000000 -5588.998433 -4030.206397 
0.000000 7761.042604 -6693.095902 
0.000000 4922.008368 10482.549131 
0.000000 6260.930700 -6128.655137 
0.000000 -3109.676407 -168.836704 
0.000000 3596.165272 4101.431802 
0.000000 -1957.239847 2767.072618 
0.000000 -1914.087617 6352.294030 
0.000000 -5468.872430 -5468.872430 
0.000000 -1944.541632 5795.347025 
0.000000 1986.697565 -11107.557671 
0.000000 -9075.312657 8425.393578 
0.000000 -12378.018524 10145.555056 
0.000000 -5433.610029 -6931.195610 
0.000000 -6434.558237 9480.097251 
0.000000 -1749.954722 -4377.427237 
0.000000 -4015.368797 -2292.756535 
0.000000 17049.349335 -9123.568597 
0.000000 2210.782911 3004.577710 
0.000000 4880.605632 -1435.051956 
0.000000 -4637.922044 -2977.181226 
0.000000 -5309.400838 -5154.377023 
0.000000 -6086.433856 -3604.382581 
0.000000 5548.484457 3160.744920 
0.000000 -5592.481472 -5380.865953 
0.000000 -1355.434880 -6044.572732 
0.000000 -2286.531878 -1617.337859 
0.000000 1872.514444 -4591.608952 
0.000000 -2195.482502 2884.998861 
0.000000 4154.526640 -7695.882297 
0.000000 -6401.986081 5880.415524 
0.000000 4828.815645 5828.705390 
0.000000 -6154.595496 5379.313711 
0.000000 2910.875843 3330.399436 
0.000000 3359.628236 -864.092025 
0.000000 -3617.578061 -4048.410145 
0.000000 -16399.535847 -10567.159516 
0.000000 -6607.111938 1294.182400 
0.000000 1565.995959 4853.213810 
0.000000 2668.776850 0.000000 
0.000000 -8102.366134 3635.736580 
0.000000 -13161.876999 -10238.397509 
0.000000 -5594.145999 -5594.145999 
0.000000 1070.763541 8677.987717 
0.000000 2645.553652 5770.621427 
0.000000 -11305.662070 -8589.444231 
0.000000 -10493.375824 -3522.666334 
0.000000 -420.274956 -3260.686952 
0.000000 15694.573362 0.000000 
0.000000 1517.905940 3694.221146 
0.000000 -3848.067315 -4495.071449 
0.000000 -2173.475680 4891.171054 
0.000000 -2274.512173 -765.353057 
0.000000 -6729.849158 4833.014348 
0.000000 3633.853105 -2979.515769 
0.000000 -6266.381127 3959.449894 
0.000000 -2114.014664 -431.704395 
0.000000 -8494.371526 -6748.844982 
0.000000 -898.513561 6452.153502 
0.000000 -5503.106466 -4145.842839 
0.000000 -1107.803947 -7825.442032 
0.000000 2860.756364 -2508.146096 
0.000000 -3245.501853 3885.602391 
0.000000 -7630.813047 8012.515716 
0.000000 6504.745054 6675.200772 
0.000000 4942.124414 -630.643205 
0.000000 -1910.689930 -3956.123563 
0.000000 -839.348482 3770.587813 
0.000000 1151.084117 -2216.601231 
0.000000 3971.534673 -4343.173411 
0.000000 -1569.934840 3188.608622 
0.000000 -9119.175242 -7804.830040 
0.000000 -547.942676 5038.974930 
0.000000 -470.143059 -1570.066459 
0.000000 6249.132369 2840.940137 
0.000000 4339.145686 -5339.467568 
0.000000 -9286.656610 -2885.542015 
0.000000 6931.058665 1363.122473 
0.000000 -1583.669863 0.000000 
0.000000 630.946830 630.946830 
0.000000 5211.275211 -5318.542893 
0.000000 12289.240320 938.381405 
0.000000 11734.681976 6668.604310 
0.000000 2953.177228 -5221.362876 
0.000000 -125.909984 6247.920309 
0.000000 -8945.005520 7757.233036 
0.000000 -14247.521585 12034.218007 
0.000000 -7416.214187 -2832.741752 
0.000000 -8542.897824 -8525.926275 
0.000000 199.806028 -2963.121766 
0.000000 -564.552158 -16019.084164 
0.000000 -9925.178878 9756.392300 
0.000000 11012.174683 -10224.322649 
0.000000 -13045.348100 -12752.913156 
0.000000 2154.878371 8901.904774 
0.000000 -5204.538627 6264.339069 
0.000000 -9499.212224 14634.922470 
0.000000 -4030.092085 9585.625038 
0.000000 -1436.587356 5004.353324 
0.000000 3930.090606 3969.629966 
0.000000 -4902.633262 -1685.588597 
0.000000 -5115.061027 8512.891119 
0.000000 6635.227256 -5967.337894 
0.000000 -5576.007150 4954.635973 
0.000000 -1749.615507 -1896.069035 
0.000000 8485.927032 12489.350589 
0.000000 336.504163 -840.363702 
0.000000 -10241.868445 4595.785371 
0.000000 169.519761 -759.860045 
0.000000 -3610.792959 6905.533211 
0.000000 316.059131 4946.895058 
0.000000 -4670.324616 2401.369032 
0.000000 -2381.561869 -5247.635782 
0.000000 -3659.592525 -5349.966363 
0.000000 680.990432 1653.155972 
0.000000 -1001.074512 -7175.495395 
0.000000 -6110.720860 -4894.077506 
0.000000 9583.699042 7646.195256 
0.000000 752.971302 -2423.318007 
0.000000 -3590.506031 6104.812562 
0.000000 4811.476109 -1402.640399 
0.000000 -1430.699854 -9110.879812 
0.000000 -3767.463192 1308.426235 
0.000000 2469.968743 -842.166787 
0.000000 2770.309702 2384.493001 
0.000000 93.005805 4941.065367 
0.000000 -3531.246793 -4917.171055 
0.000000 -4770.056975 -3444.398809 
0.000000 -5412.304100 10611.044727 
0.000000 -5508.099537 2175.318397 
0.000000 -1817.656352 -7222.345141 
0.000000 -4482.763760 -3196.554416 
0.000000 7922.246642 -7307.765676 
0.000000 -1803.503543 -6741.560648 
0.000000 -11073.083330 -1048.427717 
0.000000 -2421.164924 8778.527166 
0.000000 -870.618849 -5186.172701 
0.000000 1359.034956 821.422961 
0.000000 7891.354019 -4251.503978 
0.000000 6121.917017 -3204.041583 
0.000000 3747.101334 7248.930902 
0.000000 -6705.905159 -4535.531889 
0.000000 -9344.480994 -1192.408961 
0.000000 4249.092508 -682.188973 
0.000000 191.827890 -9879.082651 
0.000000 1719.389347 4779.575165 
0.000000 718.544269 -4515.553300 
0.000000 3548.012052 4142.064740 
0.000000 -354.584728 -1856.744323 
0.000000 1704.619161 1187.401310 
0.000000 -1832.835467 1592.998191 
0.000000 12785.489884 -7307.372059 
0.000000 -1074.532743 819.383031 
0.000000 14350.124047 -2099.929109 
0.000000 -7286.954511 5582.981326 
0.000000 2300.316240 -160.486392 
0.000000 6417.179208 -6467.603965 
0.000000 -1245.554405 5533.628864 
0.000000 -6921.180846 -3732.367002 
0.000000 2479.319758 2960.183781 
0.000000 1779.080311 2506.425366 
0.000000 1880.541803 4951.156675 
0.000000 5209.328670 -294.046532 
0.000000 1801.221016 6084.874039 
0.000000 -7136.223933 4326.939120 
0.000000 -952.197293 2335.789174 
0.000000 -9161.043332 2852.177776 
0.000000 -14045.416043 -739.129307 
0.000000 2080.518237 -3397.219090 
0.000000 4407.829381 3987.037470 
0.000000 -2274.748636 -1840.928150 
0.000000 2294.004259 -8910.557140 
0.000000 -4835.883425 -3788.362677 
0.000000 -3233.637914 5036.509130 
0.000000 -3475.663764 2464.675538 
0.000000 6151.624790 5725.474343 
0.000000 -4734.834183 5405.925627 
0.000000 -847.589717 -3989.169677 
0.000000 -3774.011729 -5482.482890 
0.000000 2013.283065 4047.512380 
0.000000 -11834.587196 -8251.483778 
0.000000 -5606.081582 4732.599308 
0.000000 4926.676919 4191.085445 
0.000000 -7233.987284 -7646.153890 
0.000000 363.899681 -3066.308462 
0.000000 3270.275837 2717.010801 
0.000000 -2814.957087 -2307.283388 
0.000000 -5161.841406 -5299.776361 
0.000000 -2116.825138 -4583.671816 
0.000000 -2247.318336 -3525.765795 
0.000000 10581.585435 12138.998417 
0.000000 2830.636778 -4329.594298 
0.000000 7698.419386 -4705.756458 
0.000000 1982.153580 2047.941488 
0.000000 -2120.700383 -6846.013331 
0.000000 4484.729832 -12680.034948 
0.000000 -3695.144892 -1505.013398 
0.000000 2254.249107 1900.986180 
0.000000 1859.441303 1212.752809 
0.000000 -1041.153139 -5995.761967 
0.000000 -6376.728380 -6030.885838 
0.000000 -406.550359 1506.608823 
0.000000 -6024.187631 420.482233 
0.000000 8850.113223 -2810.982126 
0.000000 7857.963759 -1412.656179 
0.000000 8534.192105 1200.393188 
0.000000 9293.951373 -5679.524297 
0.000000 2402.628178 -3910.698694 
0.000000 4829.671532 2602.861336 
0.000000 4922.076778 -6587.024438 
0.000000 -6842.582702 1066.484167 
0.000000 -8684.869638 6217.680176 
0.000000 3677.805912 3330.414461 
0.000000 -5606.240137 5401.845282 
0.000000 413.240536 6959.890992 
0.000000 495.858792 -5677.042117 
0.000000 3759.140445 -3573.110789 
0.000000 -3506.127321 -920.816895 
0.000000 -7585.261304 -7585.261304 
0.000000 3900.307577 1911.175435 
0.000000 6141.510139 3003.285530 
0.000000 9121.535300 3529.406578 
0.000000 8657.133479 -7901.014188 
0.000000 2510.554088 -10186.875114 
0.000000 6063.235348 213.683414 
0.000000 -10012.140893 -16078.200740 
0.000000 46.382295 46.382295 
0.000000 8760.764766 -10310.692145 
0.000000 -1040.234438 5429.210857 
0.000000 4950.367410 -6138.207871 
0.000000 -1221.304457 1938.615974 
0.000000 -246.118572 -1538.002856 
0.000000 3428.430164 4545.603755 
0.000000 -5493.291135 -577.368164 
0.000000 5269.986581 -560.339336 
0.000000 -2799.622032 -450.046769 
0.000000 -4489.889628 2974.581048 
0.000000 5221.123924 6537.690272 
0.000000 15903.108835 -4094.222036 
0.000000 6797.389817 7254.993661 
0.000000 8162.481331 -2988.194929 
0.000000 -2732.318250 -2857.330120 
0.000000 -6466.160042 3661.689603 
0.000000 1167.687639 263.589944 
0.000000 -6705.652722 -3447.885985 
0.000000 3975.915866 -4079.877305 
0.000000 -9987.965056 -2140.187415 
0.000000 2997.551984 -5603.652633 
0.000000 -11112.006253 -15840.685781 
0.000000 8604.800049 -0.000000 
0.000000 -7877.417914 -6579.719658 
0.000000 -5258.631239 -2469.237937 
0.000000 6370.098542 3815.540470 
0.000000 -2443.943746 4179.514820 
0.000000 -2605.133632 -2544.401636 
0.000000 -12624.709803 -6088.034540 
0.000000 1554.587374 4288.718360 
0.000000 -869.225684 -3976.124417 
0.000000 -934.381730 2406.014253 
0.000000 2021.648593 -1151.232459 
0.000000 5688.013345 -5087.416155 
0.000000 -2591.311703 -1518.716054 
0.000000 6505.232346 3745.181195 
0.000000 -4232.849617 2266.997838 
0.000000 10149.636520 -10149.636520 
0.000000 4373.790919 -2321.127971 
0.000000 -3519.627247 -1821.893126 
0.000000 237.084890 -1050.271841 
0.000000 5906.216073 -6491.990052 
0.000000 -1937.865722 1991.427999 
0.000000 -7235.257131 9586.809709 
0.000000 1458.037136 -5853.608965 
0.000000 8822.234528 6128.439061 
0.000000 1397.843202 -3062.147052 
0.000000 -1361.815384 -6903.882288 
0.000000 -4553.733133 -14465.444654 
0.000000 8004.149922 12687.737961 
0.000000 -5181.787355 -3818.005458 
0.000000 5098.575420 -4672.302567 
0.000000 -2917.709606 11163.454590 
0.000000 865.042048 2141.898482 
0.000000 -998.695101 -1967.045357 
0.000000 -12036.907023 12066.299923 
0.000000 647.330111 -1891.513667 
0.000000 9136.148297 4895.091785 
0.000000 7424.281794 299.187180 
0.000000 6718.098911 -3902.190725 
0.000000 -3380.453366 4350.594151 
0.000000 -6413.746675 739.725613 
0.000000 -2168.003706 -5160.180129 
0.000000 7605.604258 -8110.623054 
0.000000 -14253.866064 -5257.974770 
0.000000 -3546.094009 -5486.521647 
0.000000 7338.901169 7441.501761 
0.000000 -3739.790256 5182.057302 
0.000000 17034.037408 595.295164 
0.000000 -5339.039594 -280.962887 
0.000000 4022.194996 5657.081925 
0.000000 1883.321324 884.330589 
0.000000 -13453.554079 -12297.821289 
0.000000 -5492.059962 2653.776053 
0.000000 -259.227995 -3117.120133 
0.000000 2779.665472 3931.040610 
0.000000 5003.591357 2798.398988 
0.000000 1751.875476 -527.999081 
0.000000 -4795.754100 -5627.739992 
0.000000 -3174.710277 -5167.397705 
0.000000 7073.236054 3873.385329 
0.000000 7680.492159 3985.452857 
0.000000 4548.395914 -4303.214228 
0.000000 -4085.833411 -4498.430166 
0.000000 -5328.858433 7022.811950 
0.000000 9733.502878 8514.410222 
0.000000 6606.905559 -6799.835191 
0.000000 5638.357778 -526.376996 
0.000000 5824.484251 -4046.636823 
0.000000 3682.504585 -3723.680217 
0.000000 -4761.985983 -2600.720626 
0.000000 -3332.372503 4022.397830 
0.000000 1744.811295 3413.561051 
0.000000 5764.765515 -4574.943816 
0.000000 11589.502069 -12016.413992 
0.000000 -179.829551 -2512.976107 
0.000000 -4523.215107 3215.896327 
0.000000 3748.985458 1209.692444 
0.000000 -3344.154498 -3094.582207 
0.000000 10968.796840 -2722.521476 
0.000000 92.826537 216.155582 
0.000000 1300.945744 4167.131136 
0.000000 1050.862324 -3814.580412 
0.000000 704.421574 -4148.967772 
0.000000 -592.237069 -4183.517186 
0.000000 1152.057450 -5164.831295 
0.000000 3630.032350 -3614.853332 
0.000000 -425.946881 -5917.080908 
0.000000 2007.654775 5285.824183 
0.000000 -2475.745471 -2892.875092 
0.000000 8035.622057 -4145.751267 
0.000000 9337.815275 1575.476244 
0.000000 -1807.930601 6929.635232 
0.000000 3802.772716 4031.426803 
0.000000 6245.029254 -6374.188365 
0.000000 -15440.405267 2891.765451 
0.000000 -7010.922174 -5921.105282 
0.000000 -1917.729002 7337.426788 
0.000000 3396.525132 -3527.982182 
0.000000 -435.907892 2358.904280 
0.000000 -14462.922659 14213.247114 
0.000000 902.735391 -2907.045908 
0.000000 -204.125133 -1513.817587 
0.000000 -2363.460232 2964.087964 
0.000000 -5803.703330 -2163.283087 
0.000000 286.094391 -522.244196 
0.000000 1836.208523 2266.408017 
0.000000 -7529.769271 -6465.203883 
0.000000 5413.558904 6950.948075 
0.000000 -1798.629874 -2150.966257 
0.000000 -2163.642466 -6343.307311 
0.000000 1861.778297 -932.166651 
0.000000 -3894.635564 -5389.359931 
0.000000 2025.222688 1717.843500 
0.000000 1933.719269 -1182.416477 
0.000000 -3366.784509 4447.218202 
0.000000 -6297.524348 5997.520962 
0.000000 2362.639638 -769.317397 
0.000000 7576.921559 9223.305749 
0.000000 943.149173 -2010.457253 
0.000000 3690.470921 9526.345110 
0.000000 214.780232 1268.167174 
0.000000 4851.966470 2597.431316 
0.000000 -4540.910807 4091.248480 
0.000000 -1718.867974 -7555.010586 
0.000000 3191.568505 -1963.555837 
0.000000 8819.003223 -1130.075988 
0.000000 -7413.650013 -997.158168 
0.000000 7629.401517 8234.157199 
0.000000 -4743.379698 -4970.026954 
0.000000 6107.387761 -5160.552337 
0.000000 -4020.082529 -1832.387700 
0.000000 -2113.642436 220.935796 
0.000000 -1726.842095 3874.897365 
0.000000 -14387.902120 -15196.088550 
0.000000 1964.761722 2311.764577 
0.000000 10763.781517 -6311.778958 
0.000000 -4312.221751 -3324.255899 
0.000000 -4735.599313 -1496.258601 
0.000000 3694.713254 2804.647783 
0.000000 -4871.274351 5971.827264 
0.000000 2964.082172 -585.524816 
0.000000 -7319.586350 6490.986509 
0.000000 2382.308824 -2382.308824 
0.000000 4998.312963 -4437.557805 
0.000000 -3791.747700 2580.922901 
0.000000 6214.128494 8098.703707 
0.000000 -13267.768547 5547.041990 
0.000000 2419.606941 -1410.969019 
0.000000 -2853.296298 2853.296298 
0.000000 2668.881190 -5627.199238 
0.000000 -79.697067 1036.740203 
0.000000 8342.271149 5218.157346 
0.000000 9648.891385 7009.043128 
0.000000 6486.178082 -3868.288333 
0.000000 -2207.522796 169.698341 
0.000000 -6023.281344 -1097.681674 
0.000000 -8441.681123 -8474.408682 
0.000000 -2329.989515 -3327.686079 
0.000000 8843.931633 9356.503104 
0.000000 -2277.943443 -3284.810426 
0.000000 -6337.280113 -5738.684923 
0.000000 2426.128330 -9168.999153 
0.000000 -5344.299415 1907.134231 
0.000000 -2516.447720 794.997719 
0.000000 6713.197046 13407.993685 
0.000000 4999.646576 3665.438855 
0.000000 4063.969828 7055.239739 
0.000000 6191.759638 -757.468076 
0.000000 -11939.081583 -6511.413538 
0.000000 1249.123419 6844.449201 
0.000000 6905.484067 5710.983502 
0.000000 -11381.183834 11774.979244 
0.000000 -8658.248022 8738.011377 
0.000000 1304.354521 945.052601 
0.000000 816.194838 -766.393829 
0.000000 -2502.673703 -3868.646449 
0.000000 1213.365014 -81.818320 
0.000000 2156.905851 -7266.074399 
0.000000 -2661.298579 -1165.902038 
0.000000 -1415.142977 4481.042989 
0.000000 -7089.476168 6751.745539 
0.000000 4976.635310 4294.339946 
0.000000 -2310.700374 2075.090571 
0.000000 -6801.158752 -4893.678762 
0.000000 6249.967031 5397.499512 
0.000000 6621.222779 -10228.278562 
0.000000 5806.510161 -2187.953192 
0.000000 -15520.731202 5495.662882 
0.000000 -5622.637867 5622.637867 
0.000000 2020.088207 -1946.008515 
0.000000 3890.459652 -2889.140623 
0.000000 6945.690640 3571.307731 
0.000000 -1359.890923 -2709.421819 
0.000000 6970.400434 -5574.448894 
0.000000 -10935.828564 -2834.284995 
0.000000 -5216.424306 2357.078863 
0.000000 729.146252 -10189.243668 
0.000000 -9008.653491 2020.100296 
0.000000 2874.024087 1577.552236 
0.000000 -682.492459 6170.693747 
0.000000 -4395.210350 -4714.418728 
0.000000 5972.327479 -4510.239654 
0.000000 -15197.344125 300.391811 
0.000000 12796.343189 12782.690173 
0.000000 -4880.382637 -4681.221850 
0.000000 1772.246807 -1410.736565 
0.000000 -2260.893391 5474.169535 
0.000000 -1293.063698 -1890.332665 
0.000000 -5710.586617 -4390.500285 
0.000000 451.227729 -12803.520233 
0.000000 -1863.167362 3597.716027 
0.000000 2156.428642 -1658.230245 
0.000000 -368.182225 -5618.382086 
0.000000 1520.800324 -7926.613826 
0.000000 -2766.366680 -1688.555073 
0.000000 2216.526393 -2486.150308 
0.000000 1402.118261 2025.460954 
0.000000 5658.083234 4328.734688 
0.000000 5530.170430 -4189.615355 
0.000000 -3049.349519 -8747.083428 
0.000000 3882.639766 -2845.524995 
0.000000 3844.165910 5465.762754 
0.000000 -6285.178300 2577.287438 
0.000000 5976.769463 -3748.537905 
0.000000 -227.614384 2123.354262 
0.000000 -6031.371594 1584.023727 
0.000000 7925.926644 -1337.262387 
0.000000 7194.928855 673.387447 
0.000000 -2794.587665 -5512.426659 
0.000000 10965.198711 1192.365592 
0.000000 2963.466500 3494.453621 
0.000000 1718.264228 9773.264346 
0.000000 1288.505840 -2334.818769 
0.000000 7359.315421 8787.741875 
0.000000 8454.795798 295.068118 
0.000000 3501.696927 1194.395889 
0.000000 -7194.167908 -6101.004020 
0.000000 504.080627 3034.850100 
0.000000 10889.031801 -838.104308 
0.000000 -9143.986947 -5361.946851 
0.000000 -150.139236 887.232677 
0.000000 2268.980376 -2710.249679 
0.000000 -3187.118367 3745.828696 
0.000000 -1289.042170 -5257.856129 
0.000000 10568.989997 -3802.055242 
0.000000 -554.278427 1195.730103 
0.000000 1746.835825 4871.450424 
0.000000 -5236.354672 1204.242134 
0.000000 1789.656485 -1584.275000 
0.000000 3193.586981 -4002.327500 
0.000000 7159.041560 -1108.536508 
0.000000 -4037.019935 -3293.237179 
0.000000 -2915.873221 2314.339224 
